-11	-0.21	-10.8760244845828	-0.21	0	0	0	63508000	0	1
-10.8760244845828	-0.21	-10.7520489691656	-0.21	0	0	0	63508000	0	1
-10.7520489691656	-0.21	-10.6280734537484	-0.21	0	0	0	63508000	0	1
-10.6280734537484	-0.21	-10.5040979383311	-0.21	0	0	0	63508000	0	1
-10.5040979383311	-0.21	-10.3801224229139	-0.21	0	0	0	63508000	0	1
-10.3801224229139	-0.21	-10.2561469074967	-0.21	0	0	0	63508000	0	1
-10.2561469074967	-0.21	-10.1321713920795	-0.21	0	0	0	63508000	0	1
-10.1321713920795	-0.21	-10.0081958766623	-0.21	0	0	0	63508000	0	1
-10.0081958766623	-0.21	-9.88422036124507	-0.21	0	0	0	63508000	0	1
-9.36651417576476	-0.21	-9.23163659844181	-0.21	0	0	0	63508	0	2
-9.23163659844181	-0.21	-9.09675902111887	-0.21	0	0	0	63508	0	2
-9.09675902111887	-0.21	-8.96188144379592	-0.21	0	0	0	63508	0	2
-8.96188144379592	-0.21	-8.82700386647297	-0.21	0	0	0	63508	0	2
-8.82700386647297	-0.21	-8.69212628915003	-0.21	0	0	0	63508	0	2
-8.69212628915003	-0.21	-8.55724871182708	-0.21	0	0	0	63508	0	2
-8.55724871182708	-0.21	-8.42237113450414	-0.21	0	0	0	63508	0	2
-8.42237113450414	-0.21	-8.28749355718119	-0.21	0	0	0	63508	0	2
-8.28749355718119	-0.21	-8.15261597985825	-0.21	0	0	0	63508	0	2
-8.15261597985825	-0.21	-8.0177384025353	-0.21	0	0	0	63508	0	2
-8.0177384025353	-0.21	-7.88286082521236	-0.21	0	0	0	63508	0	2
-7.88286082521236	-0.21	-7.74798324788941	-0.21	0	0	0	63508	0	2
-7.74798324788941	-0.21	-7.61310567056647	-0.21	0	0	0	63508	0	2
-7.61310567056647	-0.21	-7.47822809324352	-0.21	0	0	0	63508	0	2
-7.47822809324352	-0.21	-7.34335051592057	-0.21	0	0	0	63508	0	2
-7.34335051592057	-0.21	-7.20847293859763	-0.21	0	0	0	63508	0	2
-7.20847293859763	-0.21	-7.07359536127468	-0.21	0	0	0	63508	0	2
-7.07359536127468	-0.21	-6.93871778395174	-0.21	0	0	0	63508	0	2
-6.93871778395174	-0.21	-6.80384020662879	-0.21	0	0	0	63508	0	2
-6.80384020662879	-0.21	-6.66896262930585	-0.21	0	0	0	63508	0	2
-6.66896262930585	-0.21	-6.5340850519829	-0.21	0	0	0	63508	0	2
-6.5340850519829	-0.21	-6.39920747465996	-0.21	0	0	0	63508	0	2
-6.39920747465996	-0.21	-6.26432989733701	-0.21	0	0	0	63508	0	2
-6.26432989733701	-0.21	-6.12945232001407	-0.21	0	0	0	63508	0	2
-6.12945232001407	-0.21	-5.99457474269112	-0.21	0	0	0	63508	0	2
-5.99457474269112	-0.21	-5.85969716536817	-0.21	0	0	0	63508	0	2
-5.85969716536817	-0.21	-5.72481958804523	-0.21	0	0	0	63508	0	2
-5.72481958804523	-0.21	-5.58994201072228	-0.21	0	0	0	63508	0	2
-5.58994201072228	-0.21	-5.45506443339934	-0.21	0	0	0	63508	0	2
-5.45506443339934	-0.21	-5.32018685607639	-0.21	0	0	0	63508	0	2
-5.32018685607639	-0.21	-5.18530927875345	-0.21	0	0	0	63508	0	2
-5.18530927875345	-0.21	-5.0504317014305	-0.21	0	0	0	63508	0	2
-5.0504317014305	-0.21	-4.91555412410756	-0.21	0	0	0	63508	0	2
-4.91555412410756	-0.21	-4.78067654678461	-0.21	0	0	0	63508	0	2
-4.78067654678461	-0.21	-4.64579896946167	-0.21	0	0	0	63508	0	2
-4.64579896946167	-0.21	-4.51092139213872	-0.21	0	0	0	63508	0	2
-4.51092139213872	-0.21	-4.37604381481578	-0.21	0	0	0	63508	0	2
-4.37604381481578	-0.21	-4.24116623749283	-0.21	0	0	0	63508	0	2
-4.24116623749283	-0.21	-4.10628866016988	-0.21	0	0	0	63508	0	2
-4.10628866016988	-0.21	-3.97141108284694	-0.21	0	0	0	63508	0	2
-3.97141108284694	-0.21	-3.83653350552399	-0.21	0	0	0	63508	0	2
-3.83653350552399	-0.21	-3.70165592820105	-0.21	0	0	0	63508	0	2
-3.70165592820105	-0.21	-3.5667783508781	-0.21	0	0	0	63508	0	2
-3.5667783508781	-0.21	-3.43190077355516	-0.21	0	0	0	63508	0	2
-3.43190077355516	-0.21	-3.29702319623221	-0.21	0	0	0	63508	0	2
-3.29702319623221	-0.21	-3.16214561890927	-0.21	0	0	0	63508	0	2
-3.16214561890927	-0.21	-3.02726804158632	-0.21	0	0	0	63508	0	2
-3.02726804158632	-0.21	-2.89239046426338	-0.21	0	0	0	63508	0	2
-2.89239046426338	-0.21	-2.75751288694043	-0.21	0	0	0	63508	0	2
-2.75751288694043	-0.21	-2.62263530961749	-0.21	0	0	0	63508	0	2
-2.62263530961749	-0.21	-2.48775773229454	-0.21	0	0	0	63508	0	2
-2.48775773229454	-0.21	-2.35288015497159	-0.21	0	0	0	63508	0	2
-2.35288015497159	-0.21	-2.21800257764865	-0.21	0	0	0	63508	0	2
-2.21800257764865	-0.21	-2.0831250003257	-0.21	0	0	0	63508	0	2
-2.0831250003257	-0.21	-1.94824742300276	-0.21	0	0	0	63508	0	2
-1.94824742300276	-0.21	-1.81336984567981	-0.21	0	0	0	63508	0	2
-1.81336984567981	-0.21	-1.67849226835687	-0.21	0	0	0	63508	0	2
-1.67849226835687	-0.21	-1.54361469103392	-0.21	0	0	0	63508	0	2
-1.54361469103392	-0.21	-1.40873711371098	-0.21	0	0	0	63508	0	2
-1.40873711371098	-0.21	-1.27385953638803	-0.21	0	0	0	63508	0	2
-1.27385953638803	-0.21	-1.13898195906509	-0.21	0	0	0	63508	0	2
-1.13898195906509	-0.21	-1.00410438174214	-0.21	0	0	0	63508	0	2
-1.00410438174214	-0.21	-0.869226804419194	-0.21	0	0	0	63508	0	2
-0.869226804419194	-0.21	-0.734349227096249	-0.21	0	0	0	63508	0	2
-0.734349227096249	-0.21	-0.599471649773303	-0.21	0	0	0	63508	0	2
-0.599471649773303	-0.21	-0.464594072450359	-0.21	0	0	0	63508	0	2
-0.464594072450359	-0.21	-0.329716495127412	-0.21	0	0	0	63508	0	2
-0.329716495127412	-0.21	-0.194838917804468	-0.21	0	0	0	63508	0	2
-0.194838917804468	-0.21	-0.0599613404815216	-0.21	0	0	0	63508	0	2
-0.0599613404815216	-0.21	0.0749162368414229	-0.21	0	0	0	63508	0	2
0.0749162368414229	-0.21	0.209793814164369	-0.21	0	0	0	63508	0	2
0.209793814164369	-0.21	0.344671391487314	-0.21	0	0	0	63508	0	2
0.344671391487314	-0.21	0.47954896881026	-0.21	0	0	0	63508	0	2
0.47954896881026	-0.21	0.614426546133204	-0.21	0	0	0	63508	0	2
0.614426546133204	-0.21	0.749304123456149	-0.21	0	0	0	63508	0	2
0.749304123456149	-0.21	0.884181700779093	-0.21	0	0	0	63508	0	2
0.884181700779093	-0.21	1.01905927810204	-0.21	0	0	0	63508	0	2
1.01905927810204	-0.21	1.15393685542498	-0.21	0	0	0	63508	0	2
1.15393685542498	-0.21	1.28881443274793	-0.21	0	0	0	63508	0	2
1.28881443274793	-0.21	1.42369201007087	-0.21	0	0	0	63508	0	2
1.42369201007087	-0.21	1.55856958739382	-0.21	0	0	0	63508	0	2
1.55856958739382	-0.21	1.69344716471677	-0.21	0	0	0	63508	0	2
1.69344716471677	-0.21	1.82832474203971	-0.21	0	0	0	63508	0	2
1.82832474203971	-0.21	1.96320231936266	-0.21	0	0	0	63508	0	2
1.96320231936266	-0.21	2.0980798966856	-0.21	0	0	0	63508	0	2
2.0980798966856	-0.21	2.23295747400855	-0.21	0	0	0	63508	0	2
2.23295747400855	-0.21	2.36783505133149	-0.21	0	0	0	63508	0	2
2.36783505133149	-0.21	2.50271262865444	-0.21	0	0	0	63508	0	2
2.50271262865444	-0.21	2.63759020597738	-0.21	0	0	0	63508	0	2
2.63759020597738	-0.21	2.77246778330033	-0.21	0	0	0	63508	0	2
2.77246778330033	-0.21	2.90734536062327	-0.21	0	0	0	63508	0	2
2.90734536062327	-0.21	3.04222293794622	-0.21	0	0	0	63508	0	2
3.04222293794622	-0.21	3.17710051526917	-0.21	0	0	0	63508	0	2
3.17710051526917	-0.21	3.31197809259211	-0.21	0	0	0	63508	0	2
3.31197809259211	-0.21	3.44685566991506	-0.21	0	0	0	63508	0	2
3.44685566991506	-0.21	3.581733247238	-0.21	0	0	0	63508	0	2
3.581733247238	-0.21	3.71661082456095	-0.21	0	0	0	63508	0	2
3.71661082456095	-0.21	3.85148840188389	-0.21	0	0	0	63508	0	2
3.85148840188389	-0.21	3.98636597920684	-0.21	0	0	0	63508	0	2
3.98636597920684	-0.21	4.12124355652978	-0.21	0	0	0	63508	0	2
4.12124355652978	-0.21	4.25612113385273	-0.21	0	0	0	63508	0	2
4.25612113385273	-0.21	4.39099871117567	-0.21	0	0	0	63508	0	2
4.39099871117567	-0.21	4.52587628849862	-0.21	0	0	0	63508	0	2
4.52587628849862	-0.21	4.66075386582157	-0.21	0	0	0	63508	0	2
4.66075386582157	-0.21	4.79563144314451	-0.21	0	0	0	63508	0	2
4.79563144314451	-0.21	4.93050902046746	-0.21	0	0	0	63508	0	2
4.93050902046746	-0.21	5.0653865977904	-0.21	0	0	0	63508	0	2
5.0653865977904	-0.21	5.20026417511335	-0.21	0	0	0	63508	0	2
5.20026417511335	-0.21	5.33514175243629	-0.21	0	0	0	63508	0	2
5.33514175243629	-0.21	5.47001932975924	-0.21	0	0	0	63508	0	2
5.47001932975924	-0.21	5.60489690708218	-0.21	0	0	0	63508	0	2
5.60489690708218	-0.21	5.73977448440513	-0.21	0	0	0	63508	0	2
5.73977448440513	-0.21	5.87465206172807	-0.21	0	0	0	63508	0	2
5.87465206172807	-0.21	6.00952963905102	-0.21	0	0	0	63508	0	2
6.00952963905102	-0.21	6.14440721637397	-0.21	0	0	0	63508	0	2
6.14440721637397	-0.21	6.27928479369691	-0.21	0	0	0	63508	0	2
6.27928479369691	-0.21	6.41416237101986	-0.21	0	0	0	63508	0	2
6.41416237101986	-0.21	6.5490399483428	-0.21	0	0	0	63508	0	2
6.5490399483428	-0.21	6.68391752566575	-0.21	0	0	0	63508	0	2
6.68391752566575	-0.21	6.81879510298869	-0.21	0	0	0	63508	0	2
6.81879510298869	-0.21	6.95367268031164	-0.21	0	0	0	63508	0	2
6.95367268031164	-0.21	7.08855025763458	-0.21	0	0	0	63508	0	2
7.08855025763458	-0.21	7.22342783495753	-0.21	0	0	0	63508	0	2
7.22342783495753	-0.21	7.35830541228047	-0.21	0	0	0	63508	0	2
7.35830541228047	-0.21	7.49318298960342	-0.21	0	0	0	63508	0	2
7.49318298960342	-0.21	7.62806056692637	-0.21	0	0	0	63508	0	2
7.62806056692637	-0.21	7.76293814424931	-0.21	0	0	0	63508	0	2
7.76293814424931	-0.21	7.89781572157226	-0.21	0	0	0	63508	0	2
7.89781572157226	-0.21	8.0326932988952	-0.21	0	0	0	63508	0	2
8.0326932988952	-0.21	8.16757087621815	-0.21	0	0	0	63508	0	2
8.16757087621815	-0.21	8.30244845354109	-0.21	0	0	0	63508	0	2
8.30244845354109	-0.21	8.43732603086404	-0.21	0	0	0	63508	0	2
8.43732603086404	-0.21	8.57220360818698	-0.21	0	0	0	63508	0	2
8.57220360818698	-0.21	8.70708118550993	-0.21	0	0	0	63508	0	2
8.70708118550993	-0.21	8.84195876283287	-0.21	0	0	0	63508	0	2
8.84195876283287	-0.21	8.97683634015582	-0.21	0	0	0	63508	0	2
8.97683634015582	-0.21	9.11171391747876	-0.21	0	0	0	63508	0	2
9.11171391747876	-0.21	9.24659149480171	-0.21	0	0	0	63508	0	2
9.24659149480171	-0.21	9.38146907212466	-0.21	0	0	0	63508	0	2
9.38146907212466	-0.21	9.5163466494476	-0.21	0	0	0	63508	0	2
9.5163466494476	-0.21	9.65122422677055	-0.21	0	0	0	63508	0	2
9.65122422677055	-0.21	9.78610180409349	-0.21	0	0	0	63508	0	2
9.78610180409349	-0.21	9.92097938141644	-0.21	0	0	0	63508	0	2
9.92097938141644	-0.21	10.0558569587394	-0.21	0	0	0	63508	0	2
10.0558569587394	-0.21	10.1907345360623	-0.21	0	0	0	63508	0	2
10.1907345360623	-0.21	10.3256121133853	-0.21	0	0	0	63508	0	2
10.3256121133853	-0.21	10.4604896907082	-0.21	0	0	0	63508	0	2
10.4604896907082	-0.21	10.5953672680312	-0.21	0	0	0	63508	0	2
10.5953672680312	-0.21	10.7302448453541	-0.21	0	0	0	63508	0	2
10.7302448453541	-0.21	10.8651224226771	-0.21	0	0	0	63508	0	2
10.8651224226771	-0.21	11	-0.21	0	0	0	63508	0	2
-11	-0.7075	-10.8690925913909	-0.7075	0	0	0	190271000	0	3
-10.8690925913909	-0.7075	-10.7381851827817	-0.7075	0	0	0	190271000	0	3
-10.7381851827817	-0.7075	-10.6072777741726	-0.7075	0	0	0	190271000	0	3
-10.6072777741726	-0.7075	-10.4763703655634	-0.7075	0	0	0	190271000	0	3
-10.4763703655634	-0.7075	-10.3454629569543	-0.7075	0	0	0	190271000	0	3
-10.3454629569543	-0.7075	-10.2145555483451	-0.7075	0	0	0	190271000	0	3
-10.2145555483451	-0.7075	-10.083648139736	-0.7075	0	0	0	190271000	0	3
-10.083648139736	-0.7075	-9.95274073112686	-0.7075	0	0	0	190271000	0	3
-9.95274073112686	-0.7075	-9.82183332251771	-0.7075	0	0	0	190271000	0	3
-9.82183332251771	-0.7075	-9.69092591390857	-0.7075	0	0	0	190271000	0	3
-9.69092591390857	-0.7075	-9.56001850529943	-0.7075	0	0	0	190271000	0	3
-9.56001850529943	-0.7075	-9.42911109669028	-0.7075	0	0	0	190271000	0	3
-9.42911109669028	-0.7075	-9.29820368808114	-0.7075	0	0	0	190271000	0	3
-9.29820368808114	-0.7075	-9.167296279472	-0.7075	0	0	0	190271000	0	3
-9.167296279472	-0.7075	-9.03638887086285	-0.7075	0	0	0	190271000	0	3
-8.50553222978546	-0.7075	-8.3710113178559	-0.7075	0	0	0	190271	0	4
-8.3710113178559	-0.7075	-8.23649040592635	-0.7075	0	0	0	190271	0	4
-8.23649040592635	-0.7075	-8.10196949399679	-0.7075	0	0	0	190271	0	4
-8.10196949399679	-0.7075	-7.96744858206724	-0.7075	0	0	0	190271	0	4
-7.96744858206724	-0.7075	-7.83292767013768	-0.7075	0	0	0	190271	0	4
-7.83292767013768	-0.7075	-7.69840675820813	-0.7075	0	0	0	190271	0	4
-7.69840675820813	-0.7075	-7.56388584627857	-0.7075	0	0	0	190271	0	4
-7.56388584627857	-0.7075	-7.42936493434902	-0.7075	0	0	0	190271	0	4
-7.42936493434902	-0.7075	-7.29484402241946	-0.7075	0	0	0	190271	0	4
-7.29484402241946	-0.7075	-7.16032311048991	-0.7075	0	0	0	190271	0	4
-7.16032311048991	-0.7075	-7.02580219856035	-0.7075	0	0	0	190271	0	4
-7.02580219856035	-0.7075	-6.8912812866308	-0.7075	0	0	0	190271	0	4
-6.8912812866308	-0.7075	-6.75676037470124	-0.7075	0	0	0	190271	0	4
-6.75676037470124	-0.7075	-6.62223946277169	-0.7075	0	0	0	190271	0	4
-6.62223946277169	-0.7075	-6.48771855084213	-0.7075	0	0	0	190271	0	4
-6.48771855084213	-0.7075	-6.35319763891258	-0.7075	0	0	0	190271	0	4
-6.35319763891258	-0.7075	-6.21867672698303	-0.7075	0	0	0	190271	0	4
-6.21867672698303	-0.7075	-6.08415581505347	-0.7075	0	0	0	190271	0	4
-6.08415581505347	-0.7075	-5.94963490312391	-0.7075	0	0	0	190271	0	4
-5.94963490312391	-0.7075	-5.81511399119436	-0.7075	0	0	0	190271	0	4
-5.81511399119436	-0.7075	-5.68059307926481	-0.7075	0	0	0	190271	0	4
-5.68059307926481	-0.7075	-5.54607216733525	-0.7075	0	0	0	190271	0	4
-5.54607216733525	-0.7075	-5.4115512554057	-0.7075	0	0	0	190271	0	4
-5.4115512554057	-0.7075	-5.27703034347614	-0.7075	0	0	0	190271	0	4
-5.27703034347614	-0.7075	-5.14250943154659	-0.7075	0	0	0	190271	0	4
-5.14250943154659	-0.7075	-5.00798851961703	-0.7075	0	0	0	190271	0	4
-5.00798851961703	-0.7075	-4.87346760768748	-0.7075	0	0	0	190271	0	4
-4.87346760768748	-0.7075	-4.73894669575792	-0.7075	0	0	0	190271	0	4
-4.73894669575792	-0.7075	-4.60442578382837	-0.7075	0	0	0	190271	0	4
-4.60442578382837	-0.7075	-4.46990487189881	-0.7075	0	0	0	190271	0	4
-4.46990487189881	-0.7075	-4.33538395996926	-0.7075	0	0	0	190271	0	4
-4.33538395996926	-0.7075	-4.2008630480397	-0.7075	0	0	0	190271	0	4
-4.2008630480397	-0.7075	-4.06634213611015	-0.7075	0	0	0	190271	0	4
-4.06634213611015	-0.7075	-3.93182122418059	-0.7075	0	0	0	190271	0	4
-3.93182122418059	-0.7075	-3.79730031225104	-0.7075	0	0	0	190271	0	4
-3.79730031225104	-0.7075	-3.66277940032148	-0.7075	0	0	0	190271	0	4
-3.66277940032148	-0.7075	-3.52825848839193	-0.7075	0	0	0	190271	0	4
-3.52825848839193	-0.7075	-3.39373757646237	-0.7075	0	0	0	190271	0	4
-3.39373757646237	-0.7075	-3.25921666453282	-0.7075	0	0	0	190271	0	4
-3.25921666453282	-0.7075	-3.12469575260326	-0.7075	0	0	0	190271	0	4
-3.12469575260326	-0.7075	-2.99017484067371	-0.7075	0	0	0	190271	0	4
-2.99017484067371	-0.7075	-2.85565392874415	-0.7075	0	0	0	190271	0	4
-2.85565392874415	-0.7075	-2.7211330168146	-0.7075	0	0	0	190271	0	4
-2.7211330168146	-0.7075	-2.58661210488504	-0.7075	0	0	0	190271	0	4
-2.58661210488504	-0.7075	-2.45209119295549	-0.7075	0	0	0	190271	0	4
-2.45209119295549	-0.7075	-2.31757028102593	-0.7075	0	0	0	190271	0	4
-2.31757028102593	-0.7075	-2.18304936909638	-0.7075	0	0	0	190271	0	4
-2.18304936909638	-0.7075	-2.04852845716682	-0.7075	0	0	0	190271	0	4
-2.04852845716682	-0.7075	-1.91400754523727	-0.7075	0	0	0	190271	0	4
-1.91400754523727	-0.7075	-1.77948663330771	-0.7075	0	0	0	190271	0	4
-1.77948663330771	-0.7075	-1.64496572137816	-0.7075	0	0	0	190271	0	4
-1.64496572137816	-0.7075	-1.5104448094486	-0.7075	0	0	0	190271	0	4
-1.5104448094486	-0.7075	-1.37592389751905	-0.7075	0	0	0	190271	0	4
-1.37592389751905	-0.7075	-1.24140298558949	-0.7075	0	0	0	190271	0	4
-1.24140298558949	-0.7075	-1.10688207365994	-0.7075	0	0	0	190271	0	4
-1.10688207365994	-0.7075	-0.972361161730385	-0.7075	0	0	0	190271	0	4
-0.972361161730385	-0.7075	-0.83784024980083	-0.7075	0	0	0	190271	0	4
-0.83784024980083	-0.7075	-0.703319337871275	-0.7075	0	0	0	190271	0	4
-0.703319337871275	-0.7075	-0.56879842594172	-0.7075	0	0	0	190271	0	4
-0.56879842594172	-0.7075	-0.434277514012166	-0.7075	0	0	0	190271	0	4
-0.434277514012166	-0.7075	-0.29975660208261	-0.7075	0	0	0	190271	0	4
-0.29975660208261	-0.7075	-0.165235690153056	-0.7075	0	0	0	190271	0	4
-0.165235690153056	-0.7075	-0.0307147782235013	-0.7075	0	0	0	190271	0	4
-0.0307147782235013	-0.7075	0.103806133706055	-0.7075	0	0	0	190271	0	4
0.103806133706055	-0.7075	0.238327045635609	-0.7075	0	0	0	190271	0	4
0.238327045635609	-0.7075	0.372847957565163	-0.7075	0	0	0	190271	0	4
0.372847957565163	-0.7075	0.507368869494719	-0.7075	0	0	0	190271	0	4
0.507368869494719	-0.7075	0.641889781424274	-0.7075	0	0	0	190271	0	4
0.641889781424274	-0.7075	0.776410693353828	-0.7075	0	0	0	190271	0	4
0.776410693353828	-0.7075	0.910931605283384	-0.7075	0	0	0	190271	0	4
0.910931605283384	-0.7075	1.04545251721294	-0.7075	0	0	0	190271	0	4
1.04545251721294	-0.7075	1.17997342914249	-0.7075	0	0	0	190271	0	4
1.17997342914249	-0.7075	1.31449434107205	-0.7075	0	0	0	190271	0	4
1.31449434107205	-0.7075	1.4490152530016	-0.7075	0	0	0	190271	0	4
1.4490152530016	-0.7075	1.58353616493116	-0.7075	0	0	0	190271	0	4
1.58353616493116	-0.7075	1.71805707686071	-0.7075	0	0	0	190271	0	4
1.71805707686071	-0.7075	1.85257798879027	-0.7075	0	0	0	190271	0	4
1.85257798879027	-0.7075	1.98709890071982	-0.7075	0	0	0	190271	0	4
1.98709890071982	-0.7075	2.12161981264938	-0.7075	0	0	0	190271	0	4
2.12161981264938	-0.7075	2.25614072457893	-0.7075	0	0	0	190271	0	4
2.25614072457893	-0.7075	2.39066163650849	-0.7075	0	0	0	190271	0	4
2.39066163650849	-0.7075	2.52518254843804	-0.7075	0	0	0	190271	0	4
2.52518254843804	-0.7075	2.6597034603676	-0.7075	0	0	0	190271	0	4
2.6597034603676	-0.7075	2.79422437229715	-0.7075	0	0	0	190271	0	4
2.79422437229715	-0.7075	2.92874528422671	-0.7075	0	0	0	190271	0	4
2.92874528422671	-0.7075	3.06326619615626	-0.7075	0	0	0	190271	0	4
3.06326619615626	-0.7075	3.19778710808582	-0.7075	0	0	0	190271	0	4
3.19778710808582	-0.7075	3.33230802001537	-0.7075	0	0	0	190271	0	4
3.33230802001537	-0.7075	3.46682893194493	-0.7075	0	0	0	190271	0	4
3.46682893194493	-0.7075	3.60134984387448	-0.7075	0	0	0	190271	0	4
3.60134984387448	-0.7075	3.73587075580404	-0.7075	0	0	0	190271	0	4
3.73587075580404	-0.7075	3.87039166773359	-0.7075	0	0	0	190271	0	4
3.87039166773359	-0.7075	4.00491257966315	-0.7075	0	0	0	190271	0	4
4.00491257966315	-0.7075	4.1394334915927	-0.7075	0	0	0	190271	0	4
4.1394334915927	-0.7075	4.27395440352226	-0.7075	0	0	0	190271	0	4
4.27395440352226	-0.7075	4.40847531545181	-0.7075	0	0	0	190271	0	4
4.40847531545181	-0.7075	4.54299622738137	-0.7075	0	0	0	190271	0	4
4.54299622738137	-0.7075	4.67751713931092	-0.7075	0	0	0	190271	0	4
4.67751713931092	-0.7075	4.81203805124048	-0.7075	0	0	0	190271	0	4
4.81203805124048	-0.7075	4.94655896317003	-0.7075	0	0	0	190271	0	4
4.94655896317003	-0.7075	5.08107987509959	-0.7075	0	0	0	190271	0	4
5.08107987509959	-0.7075	5.21560078702914	-0.7075	0	0	0	190271	0	4
5.21560078702914	-0.7075	5.3501216989587	-0.7075	0	0	0	190271	0	4
5.3501216989587	-0.7075	5.48464261088825	-0.7075	0	0	0	190271	0	4
5.48464261088825	-0.7075	5.61916352281781	-0.7075	0	0	0	190271	0	4
5.61916352281781	-0.7075	5.75368443474736	-0.7075	0	0	0	190271	0	4
5.75368443474736	-0.7075	5.88820534667691	-0.7075	0	0	0	190271	0	4
5.88820534667691	-0.7075	6.02272625860647	-0.7075	0	0	0	190271	0	4
6.02272625860647	-0.7075	6.15724717053602	-0.7075	0	0	0	190271	0	4
6.15724717053602	-0.7075	6.29176808246558	-0.7075	0	0	0	190271	0	4
6.29176808246558	-0.7075	6.42628899439513	-0.7075	0	0	0	190271	0	4
6.42628899439513	-0.7075	6.56080990632469	-0.7075	0	0	0	190271	0	4
6.56080990632469	-0.7075	6.69533081825424	-0.7075	0	0	0	190271	0	4
6.69533081825424	-0.7075	6.8298517301838	-0.7075	0	0	0	190271	0	4
6.8298517301838	-0.7075	6.96437264211335	-0.7075	0	0	0	190271	0	4
6.96437264211335	-0.7075	7.09889355404291	-0.7075	0	0	0	190271	0	4
7.09889355404291	-0.7075	7.23341446597246	-0.7075	0	0	0	190271	0	4
7.23341446597246	-0.7075	7.36793537790202	-0.7075	0	0	0	190271	0	4
7.36793537790202	-0.7075	7.50245628983157	-0.7075	0	0	0	190271	0	4
7.50245628983157	-0.7075	7.63697720176113	-0.7075	0	0	0	190271	0	4
7.63697720176113	-0.7075	7.77149811369068	-0.7075	0	0	0	190271	0	4
7.77149811369068	-0.7075	7.90601902562024	-0.7075	0	0	0	190271	0	4
7.90601902562024	-0.7075	8.04053993754979	-0.7075	0	0	0	190271	0	4
8.04053993754979	-0.7075	8.17506084947935	-0.7075	0	0	0	190271	0	4
8.17506084947935	-0.7075	8.3095817614089	-0.7075	0	0	0	190271	0	4
8.3095817614089	-0.7075	8.44410267333846	-0.7075	0	0	0	190271	0	4
8.44410267333846	-0.7075	8.57862358526801	-0.7075	0	0	0	190271	0	4
8.57862358526801	-0.7075	8.71314449719757	-0.7075	0	0	0	190271	0	4
8.71314449719757	-0.7075	8.84766540912712	-0.7075	0	0	0	190271	0	4
8.84766540912712	-0.7075	8.98218632105668	-0.7075	0	0	0	190271	0	4
8.98218632105668	-0.7075	9.11670723298623	-0.7075	0	0	0	190271	0	4
9.11670723298623	-0.7075	9.25122814491579	-0.7075	0	0	0	190271	0	4
9.25122814491579	-0.7075	9.38574905684534	-0.7075	0	0	0	190271	0	4
9.38574905684534	-0.7075	9.5202699687749	-0.7075	0	0	0	190271	0	4
9.5202699687749	-0.7075	9.65479088070445	-0.7075	0	0	0	190271	0	4
9.65479088070445	-0.7075	9.78931179263401	-0.7075	0	0	0	190271	0	4
9.78931179263401	-0.7075	9.92383270456356	-0.7075	0	0	0	190271	0	4
9.92383270456356	-0.7075	10.0583536164931	-0.7075	0	0	0	190271	0	4
10.0583536164931	-0.7075	10.1928745284227	-0.7075	0	0	0	190271	0	4
10.1928745284227	-0.7075	10.3273954403522	-0.7075	0	0	0	190271	0	4
10.3273954403522	-0.7075	10.4619163522818	-0.7075	0	0	0	190271	0	4
10.4619163522818	-0.7075	10.5964372642113	-0.7075	0	0	0	190271	0	4
10.5964372642113	-0.7075	10.7309581761409	-0.7075	0	0	0	190271	0	4
10.7309581761409	-0.7075	10.8654790880704	-0.7075	0	0	0	190271	0	4
10.8654790880704	-0.7075	11	-0.7075	0	0	0	190271	0	4
-11	-1.205	-10.8657773381252	-1.205	0	0	0	317034000	0	5
-10.8657773381252	-1.205	-10.7315546762504	-1.205	0	0	0	317034000	0	5
-10.7315546762504	-1.205	-10.5973320143756	-1.205	0	0	0	317034000	0	5
-10.5973320143756	-1.205	-10.4631093525008	-1.205	0	0	0	317034000	0	5
-10.4631093525008	-1.205	-10.328886690626	-1.205	0	0	0	317034000	0	5
-10.328886690626	-1.205	-10.1946640287512	-1.205	0	0	0	317034000	0	5
-10.1946640287512	-1.205	-10.0604413668764	-1.205	0	0	0	317034000	0	5
-10.0604413668764	-1.205	-9.92621870500156	-1.205	0	0	0	317034000	0	5
-9.92621870500156	-1.205	-9.79199604312676	-1.205	0	0	0	317034000	0	5
-9.79199604312676	-1.205	-9.65777338125195	-1.205	0	0	0	317034000	0	5
-9.65777338125195	-1.205	-9.52355071937715	-1.205	0	0	0	317034000	0	5
-9.52355071937715	-1.205	-9.38932805750234	-1.205	0	0	0	317034000	0	5
-9.38932805750234	-1.205	-9.25510539562754	-1.205	0	0	0	317034000	0	5
-9.25510539562754	-1.205	-9.12088273375273	-1.205	0	0	0	317034000	0	5
-9.12088273375273	-1.205	-8.98666007187793	-1.205	0	0	0	317034000	0	5
-8.98666007187793	-1.205	-8.85243741000312	-1.205	0	0	0	317034000	0	5
-8.85243741000312	-1.205	-8.71821474812832	-1.205	0	0	0	317034000	0	5
-8.71821474812832	-1.205	-8.58399208625351	-1.205	0	0	0	317034000	0	5
-8.58399208625351	-1.205	-8.44976942437871	-1.205	0	0	0	317034000	0	5
-8.44976942437871	-1.205	-8.3155467625039	-1.205	0	0	0	317034000	0	5
-8.3155467625039	-1.205	-8.1813241006291	-1.205	0	0	0	317034000	0	5
-7.64461099281028	-1.205	-7.51047710077567	-1.205	0	0	0	317034	0	6
-7.51047710077567	-1.205	-7.37634320874106	-1.205	0	0	0	317034	0	6
-7.37634320874106	-1.205	-7.24220931670646	-1.205	0	0	0	317034	0	6
-7.24220931670646	-1.205	-7.10807542467185	-1.205	0	0	0	317034	0	6
-7.10807542467185	-1.205	-6.97394153263725	-1.205	0	0	0	317034	0	6
-6.97394153263725	-1.205	-6.83980764060264	-1.205	0	0	0	317034	0	6
-6.83980764060264	-1.205	-6.70567374856803	-1.205	0	0	0	317034	0	6
-6.70567374856803	-1.205	-6.57153985653343	-1.205	0	0	0	317034	0	6
-6.57153985653343	-1.205	-6.43740596449882	-1.205	0	0	0	317034	0	6
-6.43740596449882	-1.205	-6.30327207246421	-1.205	0	0	0	317034	0	6
-6.30327207246421	-1.205	-6.16913818042961	-1.205	0	0	0	317034	0	6
-6.16913818042961	-1.205	-6.035004288395	-1.205	0	0	0	317034	0	6
-6.035004288395	-1.205	-5.9008703963604	-1.205	0	0	0	317034	0	6
-5.9008703963604	-1.205	-5.76673650432579	-1.205	0	0	0	317034	0	6
-5.76673650432579	-1.205	-5.63260261229118	-1.205	0	0	0	317034	0	6
-5.63260261229118	-1.205	-5.49846872025658	-1.205	0	0	0	317034	0	6
-5.49846872025658	-1.205	-5.36433482822197	-1.205	0	0	0	317034	0	6
-5.36433482822197	-1.205	-5.23020093618736	-1.205	0	0	0	317034	0	6
-5.23020093618736	-1.205	-5.09606704415276	-1.205	0	0	0	317034	0	6
-5.09606704415276	-1.205	-4.96193315211815	-1.205	0	0	0	317034	0	6
-4.96193315211815	-1.205	-4.82779926008354	-1.205	0	0	0	317034	0	6
-4.82779926008354	-1.205	-4.69366536804894	-1.205	0	0	0	317034	0	6
-4.69366536804894	-1.205	-4.55953147601433	-1.205	0	0	0	317034	0	6
-4.55953147601433	-1.205	-4.42539758397973	-1.205	0	0	0	317034	0	6
-4.42539758397973	-1.205	-4.29126369194512	-1.205	0	0	0	317034	0	6
-4.29126369194512	-1.205	-4.15712979991051	-1.205	0	0	0	317034	0	6
-4.15712979991051	-1.205	-4.02299590787591	-1.205	0	0	0	317034	0	6
-4.02299590787591	-1.205	-3.8888620158413	-1.205	0	0	0	317034	0	6
-3.8888620158413	-1.205	-3.75472812380669	-1.205	0	0	0	317034	0	6
-3.75472812380669	-1.205	-3.62059423177209	-1.205	0	0	0	317034	0	6
-3.62059423177209	-1.205	-3.48646033973748	-1.205	0	0	0	317034	0	6
-3.48646033973748	-1.205	-3.35232644770288	-1.205	0	0	0	317034	0	6
-3.35232644770288	-1.205	-3.21819255566827	-1.205	0	0	0	317034	0	6
-3.21819255566827	-1.205	-3.08405866363366	-1.205	0	0	0	317034	0	6
-3.08405866363366	-1.205	-2.94992477159906	-1.205	0	0	0	317034	0	6
-2.94992477159906	-1.205	-2.81579087956445	-1.205	0	0	0	317034	0	6
-2.81579087956445	-1.205	-2.68165698752984	-1.205	0	0	0	317034	0	6
-2.68165698752984	-1.205	-2.54752309549524	-1.205	0	0	0	317034	0	6
-2.54752309549524	-1.205	-2.41338920346063	-1.205	0	0	0	317034	0	6
-2.41338920346063	-1.205	-2.27925531142603	-1.205	0	0	0	317034	0	6
-2.27925531142603	-1.205	-2.14512141939142	-1.205	0	0	0	317034	0	6
-2.14512141939142	-1.205	-2.01098752735681	-1.205	0	0	0	317034	0	6
-2.01098752735681	-1.205	-1.87685363532221	-1.205	0	0	0	317034	0	6
-1.87685363532221	-1.205	-1.7427197432876	-1.205	0	0	0	317034	0	6
-1.7427197432876	-1.205	-1.60858585125299	-1.205	0	0	0	317034	0	6
-1.60858585125299	-1.205	-1.47445195921839	-1.205	0	0	0	317034	0	6
-1.47445195921839	-1.205	-1.34031806718378	-1.205	0	0	0	317034	0	6
-1.34031806718378	-1.205	-1.20618417514917	-1.205	0	0	0	317034	0	6
-1.20618417514917	-1.205	-1.07205028311457	-1.205	0	0	0	317034	0	6
-1.07205028311457	-1.205	-0.937916391079963	-1.205	0	0	0	317034	0	6
-0.937916391079963	-1.205	-0.803782499045356	-1.205	0	0	0	317034	0	6
-0.803782499045356	-1.205	-0.66964860701075	-1.205	0	0	0	317034	0	6
-0.66964860701075	-1.205	-0.535514714976143	-1.205	0	0	0	317034	0	6
-0.535514714976143	-1.205	-0.401380822941537	-1.205	0	0	0	317034	0	6
-0.401380822941537	-1.205	-0.267246930906931	-1.205	0	0	0	317034	0	6
-0.267246930906931	-1.205	-0.133113038872325	-1.205	0	0	0	317034	0	6
-0.133113038872325	-1.205	0.00102085316228173	-1.205	0	0	0	317034	0	6
0.00102085316228173	-1.205	0.135154745196887	-1.205	0	0	0	317034	0	6
0.135154745196887	-1.205	0.269288637231494	-1.205	0	0	0	317034	0	6
0.269288637231494	-1.205	0.4034225292661	-1.205	0	0	0	317034	0	6
0.4034225292661	-1.205	0.537556421300707	-1.205	0	0	0	317034	0	6
0.537556421300707	-1.205	0.671690313335313	-1.205	0	0	0	317034	0	6
0.671690313335313	-1.205	0.80582420536992	-1.205	0	0	0	317034	0	6
0.80582420536992	-1.205	0.939958097404526	-1.205	0	0	0	317034	0	6
0.939958097404526	-1.205	1.07409198943913	-1.205	0	0	0	317034	0	6
1.07409198943913	-1.205	1.20822588147374	-1.205	0	0	0	317034	0	6
1.20822588147374	-1.205	1.34235977350835	-1.205	0	0	0	317034	0	6
1.34235977350835	-1.205	1.47649366554295	-1.205	0	0	0	317034	0	6
1.47649366554295	-1.205	1.61062755757756	-1.205	0	0	0	317034	0	6
1.61062755757756	-1.205	1.74476144961216	-1.205	0	0	0	317034	0	6
1.74476144961216	-1.205	1.87889534164677	-1.205	0	0	0	317034	0	6
1.87889534164677	-1.205	2.01302923368138	-1.205	0	0	0	317034	0	6
2.01302923368138	-1.205	2.14716312571598	-1.205	0	0	0	317034	0	6
2.14716312571598	-1.205	2.28129701775059	-1.205	0	0	0	317034	0	6
2.28129701775059	-1.205	2.4154309097852	-1.205	0	0	0	317034	0	6
2.4154309097852	-1.205	2.5495648018198	-1.205	0	0	0	317034	0	6
2.5495648018198	-1.205	2.68369869385441	-1.205	0	0	0	317034	0	6
2.68369869385441	-1.205	2.81783258588902	-1.205	0	0	0	317034	0	6
2.81783258588902	-1.205	2.95196647792362	-1.205	0	0	0	317034	0	6
2.95196647792362	-1.205	3.08610036995823	-1.205	0	0	0	317034	0	6
3.08610036995823	-1.205	3.22023426199284	-1.205	0	0	0	317034	0	6
3.22023426199284	-1.205	3.35436815402744	-1.205	0	0	0	317034	0	6
3.35436815402744	-1.205	3.48850204606205	-1.205	0	0	0	317034	0	6
3.48850204606205	-1.205	3.62263593809665	-1.205	0	0	0	317034	0	6
3.62263593809665	-1.205	3.75676983013126	-1.205	0	0	0	317034	0	6
3.75676983013126	-1.205	3.89090372216587	-1.205	0	0	0	317034	0	6
3.89090372216587	-1.205	4.02503761420047	-1.205	0	0	0	317034	0	6
4.02503761420047	-1.205	4.15917150623508	-1.205	0	0	0	317034	0	6
4.15917150623508	-1.205	4.29330539826968	-1.205	0	0	0	317034	0	6
4.29330539826968	-1.205	4.42743929030429	-1.205	0	0	0	317034	0	6
4.42743929030429	-1.205	4.5615731823389	-1.205	0	0	0	317034	0	6
4.5615731823389	-1.205	4.6957070743735	-1.205	0	0	0	317034	0	6
4.6957070743735	-1.205	4.82984096640811	-1.205	0	0	0	317034	0	6
4.82984096640811	-1.205	4.96397485844272	-1.205	0	0	0	317034	0	6
4.96397485844272	-1.205	5.09810875047732	-1.205	0	0	0	317034	0	6
5.09810875047732	-1.205	5.23224264251193	-1.205	0	0	0	317034	0	6
5.23224264251193	-1.205	5.36637653454654	-1.205	0	0	0	317034	0	6
5.36637653454654	-1.205	5.50051042658114	-1.205	0	0	0	317034	0	6
5.50051042658114	-1.205	5.63464431861575	-1.205	0	0	0	317034	0	6
5.63464431861575	-1.205	5.76877821065035	-1.205	0	0	0	317034	0	6
5.76877821065035	-1.205	5.90291210268496	-1.205	0	0	0	317034	0	6
5.90291210268496	-1.205	6.03704599471957	-1.205	0	0	0	317034	0	6
6.03704599471957	-1.205	6.17117988675417	-1.205	0	0	0	317034	0	6
6.17117988675417	-1.205	6.30531377878878	-1.205	0	0	0	317034	0	6
6.30531377878878	-1.205	6.43944767082339	-1.205	0	0	0	317034	0	6
6.43944767082339	-1.205	6.57358156285799	-1.205	0	0	0	317034	0	6
6.57358156285799	-1.205	6.7077154548926	-1.205	0	0	0	317034	0	6
6.7077154548926	-1.205	6.84184934692721	-1.205	0	0	0	317034	0	6
6.84184934692721	-1.205	6.97598323896181	-1.205	0	0	0	317034	0	6
6.97598323896181	-1.205	7.11011713099642	-1.205	0	0	0	317034	0	6
7.11011713099642	-1.205	7.24425102303102	-1.205	0	0	0	317034	0	6
7.24425102303102	-1.205	7.37838491506563	-1.205	0	0	0	317034	0	6
7.37838491506563	-1.205	7.51251880710024	-1.205	0	0	0	317034	0	6
7.51251880710024	-1.205	7.64665269913484	-1.205	0	0	0	317034	0	6
7.64665269913484	-1.205	7.78078659116945	-1.205	0	0	0	317034	0	6
7.78078659116945	-1.205	7.91492048320405	-1.205	0	0	0	317034	0	6
7.91492048320405	-1.205	8.04905437523866	-1.205	0	0	0	317034	0	6
8.04905437523866	-1.205	8.18318826727327	-1.205	0	0	0	317034	0	6
8.18318826727327	-1.205	8.31732215930787	-1.205	0	0	0	317034	0	6
8.31732215930787	-1.205	8.45145605134248	-1.205	0	0	0	317034	0	6
8.45145605134248	-1.205	8.58558994337709	-1.205	0	0	0	317034	0	6
8.58558994337709	-1.205	8.71972383541169	-1.205	0	0	0	317034	0	6
8.71972383541169	-1.205	8.8538577274463	-1.205	0	0	0	317034	0	6
8.8538577274463	-1.205	8.9879916194809	-1.205	0	0	0	317034	0	6
8.9879916194809	-1.205	9.12212551151551	-1.205	0	0	0	317034	0	6
9.12212551151551	-1.205	9.25625940355012	-1.205	0	0	0	317034	0	6
9.25625940355012	-1.205	9.39039329558472	-1.205	0	0	0	317034	0	6
9.39039329558472	-1.205	9.52452718761933	-1.205	0	0	0	317034	0	6
9.52452718761933	-1.205	9.65866107965394	-1.205	0	0	0	317034	0	6
9.65866107965394	-1.205	9.79279497168854	-1.205	0	0	0	317034	0	6
9.79279497168854	-1.205	9.92692886372315	-1.205	0	0	0	317034	0	6
9.92692886372315	-1.205	10.0610627557578	-1.205	0	0	0	317034	0	6
10.0610627557578	-1.205	10.1951966477924	-1.205	0	0	0	317034	0	6
10.1951966477924	-1.205	10.329330539827	-1.205	0	0	0	317034	0	6
10.329330539827	-1.205	10.4634644318616	-1.205	0	0	0	317034	0	6
10.4634644318616	-1.205	10.5975983238962	-1.205	0	0	0	317034	0	6
10.5975983238962	-1.205	10.7317322159308	-1.205	0	0	0	317034	0	6
10.7317322159308	-1.205	10.8658661079654	-1.205	0	0	0	317034	0	6
10.8658661079654	-1.205	11	-1.205	0	0	0	317034	0	6
-11	-1.7025	-10.8683727833371	-1.7025	0	0	0	443797000	0	7
-10.8683727833371	-1.7025	-10.7367455666743	-1.7025	0	0	0	443797000	0	7
-10.7367455666743	-1.7025	-10.6051183500114	-1.7025	0	0	0	443797000	0	7
-10.6051183500114	-1.7025	-10.4734911333486	-1.7025	0	0	0	443797000	0	7
-10.4734911333486	-1.7025	-10.3418639166857	-1.7025	0	0	0	443797000	0	7
-10.3418639166857	-1.7025	-10.2102367000229	-1.7025	0	0	0	443797000	0	7
-10.2102367000229	-1.7025	-10.07860948336	-1.7025	0	0	0	443797000	0	7
-10.07860948336	-1.7025	-9.94698226669718	-1.7025	0	0	0	443797000	0	7
-9.94698226669718	-1.7025	-9.81535505003432	-1.7025	0	0	0	443797000	0	7
-9.81535505003432	-1.7025	-9.68372783337147	-1.7025	0	0	0	443797000	0	7
-9.68372783337147	-1.7025	-9.55210061670862	-1.7025	0	0	0	443797000	0	7
-9.55210061670862	-1.7025	-9.42047340004576	-1.7025	0	0	0	443797000	0	7
-9.42047340004576	-1.7025	-9.28884618338291	-1.7025	0	0	0	443797000	0	7
-9.28884618338291	-1.7025	-9.15721896672006	-1.7025	0	0	0	443797000	0	7
-9.15721896672006	-1.7025	-9.02559175005721	-1.7025	0	0	0	443797000	0	7
-9.02559175005721	-1.7025	-8.89396453339435	-1.7025	0	0	0	443797000	0	7
-8.89396453339435	-1.7025	-8.7623373167315	-1.7025	0	0	0	443797000	0	7
-8.7623373167315	-1.7025	-8.63071010006865	-1.7025	0	0	0	443797000	0	7
-8.63071010006865	-1.7025	-8.49908288340579	-1.7025	0	0	0	443797000	0	7
-8.49908288340579	-1.7025	-8.36745566674294	-1.7025	0	0	0	443797000	0	7
-8.36745566674294	-1.7025	-8.23582845008009	-1.7025	0	0	0	443797000	0	7
-8.23582845008009	-1.7025	-8.10420123341724	-1.7025	0	0	0	443797000	0	7
-8.10420123341724	-1.7025	-7.97257401675438	-1.7025	0	0	0	443797000	0	7
-7.97257401675438	-1.7025	-7.84094680009153	-1.7025	0	0	0	443797000	0	7
-7.84094680009153	-1.7025	-7.70931958342868	-1.7025	0	0	0	443797000	0	7
-7.70931958342868	-1.7025	-7.57769236676582	-1.7025	0	0	0	443797000	0	7
-7.57769236676582	-1.7025	-7.44606515010297	-1.7025	0	0	0	443797000	0	7
-7.44606515010297	-1.7025	-7.31443793344012	-1.7025	0	0	0	443797000	0	7
-6.78176285085897	-1.7025	-6.64705252623125	-1.7025	0	0	0	443797	0	8
-6.64705252623125	-1.7025	-6.51234220160353	-1.7025	0	0	0	443797	0	8
-6.51234220160353	-1.7025	-6.37763187697581	-1.7025	0	0	0	443797	0	8
-6.37763187697581	-1.7025	-6.2429215523481	-1.7025	0	0	0	443797	0	8
-6.2429215523481	-1.7025	-6.10821122772038	-1.7025	0	0	0	443797	0	8
-6.10821122772038	-1.7025	-5.97350090309266	-1.7025	0	0	0	443797	0	8
-5.97350090309266	-1.7025	-5.83879057846494	-1.7025	0	0	0	443797	0	8
-5.83879057846494	-1.7025	-5.70408025383722	-1.7025	0	0	0	443797	0	8
-5.70408025383722	-1.7025	-5.5693699292095	-1.7025	0	0	0	443797	0	8
-5.5693699292095	-1.7025	-5.43465960458178	-1.7025	0	0	0	443797	0	8
-5.43465960458178	-1.7025	-5.29994927995406	-1.7025	0	0	0	443797	0	8
-5.29994927995406	-1.7025	-5.16523895532634	-1.7025	0	0	0	443797	0	8
-5.16523895532634	-1.7025	-5.03052863069862	-1.7025	0	0	0	443797	0	8
-5.03052863069862	-1.7025	-4.8958183060709	-1.7025	0	0	0	443797	0	8
-4.8958183060709	-1.7025	-4.76110798144318	-1.7025	0	0	0	443797	0	8
-4.76110798144318	-1.7025	-4.62639765681546	-1.7025	0	0	0	443797	0	8
-4.62639765681546	-1.7025	-4.49168733218774	-1.7025	0	0	0	443797	0	8
-4.49168733218774	-1.7025	-4.35697700756002	-1.7025	0	0	0	443797	0	8
-4.35697700756002	-1.7025	-4.2222666829323	-1.7025	0	0	0	443797	0	8
-4.2222666829323	-1.7025	-4.08755635830458	-1.7025	0	0	0	443797	0	8
-4.08755635830458	-1.7025	-3.95284603367686	-1.7025	0	0	0	443797	0	8
-3.95284603367686	-1.7025	-3.81813570904914	-1.7025	0	0	0	443797	0	8
-3.81813570904914	-1.7025	-3.68342538442143	-1.7025	0	0	0	443797	0	8
-3.68342538442143	-1.7025	-3.54871505979371	-1.7025	0	0	0	443797	0	8
-3.54871505979371	-1.7025	-3.41400473516599	-1.7025	0	0	0	443797	0	8
-3.41400473516599	-1.7025	-3.27929441053827	-1.7025	0	0	0	443797	0	8
-3.27929441053827	-1.7025	-3.14458408591055	-1.7025	0	0	0	443797	0	8
-3.14458408591055	-1.7025	-3.00987376128283	-1.7025	0	0	0	443797	0	8
-3.00987376128283	-1.7025	-2.87516343665511	-1.7025	0	0	0	443797	0	8
-2.87516343665511	-1.7025	-2.74045311202739	-1.7025	0	0	0	443797	0	8
-2.74045311202739	-1.7025	-2.60574278739967	-1.7025	0	0	0	443797	0	8
-2.60574278739967	-1.7025	-2.47103246277195	-1.7025	0	0	0	443797	0	8
-2.47103246277195	-1.7025	-2.33632213814423	-1.7025	0	0	0	443797	0	8
-2.33632213814423	-1.7025	-2.20161181351651	-1.7025	0	0	0	443797	0	8
-2.20161181351651	-1.7025	-2.06690148888879	-1.7025	0	0	0	443797	0	8
-2.06690148888879	-1.7025	-1.93219116426107	-1.7025	0	0	0	443797	0	8
-1.93219116426107	-1.7025	-1.79748083963335	-1.7025	0	0	0	443797	0	8
-1.79748083963335	-1.7025	-1.66277051500563	-1.7025	0	0	0	443797	0	8
-1.66277051500563	-1.7025	-1.52806019037791	-1.7025	0	0	0	443797	0	8
-1.52806019037791	-1.7025	-1.39334986575019	-1.7025	0	0	0	443797	0	8
-1.39334986575019	-1.7025	-1.25863954112247	-1.7025	0	0	0	443797	0	8
-1.25863954112247	-1.7025	-1.12392921649475	-1.7025	0	0	0	443797	0	8
-1.12392921649475	-1.7025	-0.989218891867035	-1.7025	0	0	0	443797	0	8
-0.989218891867035	-1.7025	-0.854508567239316	-1.7025	0	0	0	443797	0	8
-0.854508567239316	-1.7025	-0.719798242611597	-1.7025	0	0	0	443797	0	8
-0.719798242611597	-1.7025	-0.585087917983877	-1.7025	0	0	0	443797	0	8
-0.585087917983877	-1.7025	-0.450377593356158	-1.7025	0	0	0	443797	0	8
-0.450377593356158	-1.7025	-0.315667268728438	-1.7025	0	0	0	443797	0	8
-0.315667268728438	-1.7025	-0.180956944100719	-1.7025	0	0	0	443797	0	8
-0.180956944100719	-1.7025	-0.0462466194729991	-1.7025	0	0	0	443797	0	8
-0.0462466194729991	-1.7025	0.0884637051547204	-1.7025	0	0	0	443797	0	8
0.0884637051547204	-1.7025	0.22317402978244	-1.7025	0	0	0	443797	0	8
0.22317402978244	-1.7025	0.357884354410159	-1.7025	0	0	0	443797	0	8
0.357884354410159	-1.7025	0.492594679037879	-1.7025	0	0	0	443797	0	8
0.492594679037879	-1.7025	0.627305003665598	-1.7025	0	0	0	443797	0	8
0.627305003665598	-1.7025	0.762015328293318	-1.7025	0	0	0	443797	0	8
0.762015328293318	-1.7025	0.896725652921037	-1.7025	0	0	0	443797	0	8
0.896725652921037	-1.7025	1.03143597754876	-1.7025	0	0	0	443797	0	8
1.03143597754876	-1.7025	1.16614630217648	-1.7025	0	0	0	443797	0	8
1.16614630217648	-1.7025	1.3008566268042	-1.7025	0	0	0	443797	0	8
1.3008566268042	-1.7025	1.43556695143192	-1.7025	0	0	0	443797	0	8
1.43556695143192	-1.7025	1.57027727605963	-1.7025	0	0	0	443797	0	8
1.57027727605963	-1.7025	1.70498760068735	-1.7025	0	0	0	443797	0	8
1.70498760068735	-1.7025	1.83969792531507	-1.7025	0	0	0	443797	0	8
1.83969792531507	-1.7025	1.97440824994279	-1.7025	0	0	0	443797	0	8
1.97440824994279	-1.7025	2.10911857457051	-1.7025	0	0	0	443797	0	8
2.10911857457051	-1.7025	2.24382889919823	-1.7025	0	0	0	443797	0	8
2.24382889919823	-1.7025	2.37853922382595	-1.7025	0	0	0	443797	0	8
2.37853922382595	-1.7025	2.51324954845367	-1.7025	0	0	0	443797	0	8
2.51324954845367	-1.7025	2.64795987308139	-1.7025	0	0	0	443797	0	8
2.64795987308139	-1.7025	2.78267019770911	-1.7025	0	0	0	443797	0	8
2.78267019770911	-1.7025	2.91738052233683	-1.7025	0	0	0	443797	0	8
2.91738052233683	-1.7025	3.05209084696455	-1.7025	0	0	0	443797	0	8
3.05209084696455	-1.7025	3.18680117159227	-1.7025	0	0	0	443797	0	8
3.18680117159227	-1.7025	3.32151149621999	-1.7025	0	0	0	443797	0	8
3.32151149621999	-1.7025	3.45622182084771	-1.7025	0	0	0	443797	0	8
3.45622182084771	-1.7025	3.59093214547543	-1.7025	0	0	0	443797	0	8
3.59093214547543	-1.7025	3.72564247010315	-1.7025	0	0	0	443797	0	8
3.72564247010315	-1.7025	3.86035279473087	-1.7025	0	0	0	443797	0	8
3.86035279473087	-1.7025	3.99506311935859	-1.7025	0	0	0	443797	0	8
3.99506311935859	-1.7025	4.12977344398631	-1.7025	0	0	0	443797	0	8
4.12977344398631	-1.7025	4.26448376861403	-1.7025	0	0	0	443797	0	8
4.26448376861403	-1.7025	4.39919409324175	-1.7025	0	0	0	443797	0	8
4.39919409324175	-1.7025	4.53390441786946	-1.7025	0	0	0	443797	0	8
4.53390441786946	-1.7025	4.66861474249718	-1.7025	0	0	0	443797	0	8
4.66861474249718	-1.7025	4.8033250671249	-1.7025	0	0	0	443797	0	8
4.8033250671249	-1.7025	4.93803539175262	-1.7025	0	0	0	443797	0	8
4.93803539175262	-1.7025	5.07274571638034	-1.7025	0	0	0	443797	0	8
5.07274571638034	-1.7025	5.20745604100806	-1.7025	0	0	0	443797	0	8
5.20745604100806	-1.7025	5.34216636563578	-1.7025	0	0	0	443797	0	8
5.34216636563578	-1.7025	5.4768766902635	-1.7025	0	0	0	443797	0	8
5.4768766902635	-1.7025	5.61158701489122	-1.7025	0	0	0	443797	0	8
5.61158701489122	-1.7025	5.74629733951894	-1.7025	0	0	0	443797	0	8
5.74629733951894	-1.7025	5.88100766414666	-1.7025	0	0	0	443797	0	8
5.88100766414666	-1.7025	6.01571798877438	-1.7025	0	0	0	443797	0	8
6.01571798877438	-1.7025	6.1504283134021	-1.7025	0	0	0	443797	0	8
6.1504283134021	-1.7025	6.28513863802982	-1.7025	0	0	0	443797	0	8
6.28513863802982	-1.7025	6.41984896265754	-1.7025	0	0	0	443797	0	8
6.41984896265754	-1.7025	6.55455928728526	-1.7025	0	0	0	443797	0	8
6.55455928728526	-1.7025	6.68926961191298	-1.7025	0	0	0	443797	0	8
6.68926961191298	-1.7025	6.8239799365407	-1.7025	0	0	0	443797	0	8
6.8239799365407	-1.7025	6.95869026116842	-1.7025	0	0	0	443797	0	8
6.95869026116842	-1.7025	7.09340058579614	-1.7025	0	0	0	443797	0	8
7.09340058579614	-1.7025	7.22811091042385	-1.7025	0	0	0	443797	0	8
7.22811091042385	-1.7025	7.36282123505157	-1.7025	0	0	0	443797	0	8
7.36282123505157	-1.7025	7.49753155967929	-1.7025	0	0	0	443797	0	8
7.49753155967929	-1.7025	7.63224188430701	-1.7025	0	0	0	443797	0	8
7.63224188430701	-1.7025	7.76695220893473	-1.7025	0	0	0	443797	0	8
7.76695220893473	-1.7025	7.90166253356245	-1.7025	0	0	0	443797	0	8
7.90166253356245	-1.7025	8.03637285819017	-1.7025	0	0	0	443797	0	8
8.03637285819017	-1.7025	8.17108318281789	-1.7025	0	0	0	443797	0	8
8.17108318281789	-1.7025	8.30579350744561	-1.7025	0	0	0	443797	0	8
8.30579350744561	-1.7025	8.44050383207333	-1.7025	0	0	0	443797	0	8
8.44050383207333	-1.7025	8.57521415670105	-1.7025	0	0	0	443797	0	8
8.57521415670105	-1.7025	8.70992448132877	-1.7025	0	0	0	443797	0	8
8.70992448132877	-1.7025	8.84463480595649	-1.7025	0	0	0	443797	0	8
8.84463480595649	-1.7025	8.97934513058421	-1.7025	0	0	0	443797	0	8
8.97934513058421	-1.7025	9.11405545521193	-1.7025	0	0	0	443797	0	8
9.11405545521193	-1.7025	9.24876577983965	-1.7025	0	0	0	443797	0	8
9.24876577983965	-1.7025	9.38347610446737	-1.7025	0	0	0	443797	0	8
9.38347610446737	-1.7025	9.51818642909508	-1.7025	0	0	0	443797	0	8
9.51818642909508	-1.7025	9.65289675372281	-1.7025	0	0	0	443797	0	8
9.65289675372281	-1.7025	9.78760707835053	-1.7025	0	0	0	443797	0	8
9.78760707835053	-1.7025	9.92231740297824	-1.7025	0	0	0	443797	0	8
9.92231740297824	-1.7025	10.057027727606	-1.7025	0	0	0	443797	0	8
10.057027727606	-1.7025	10.1917380522337	-1.7025	0	0	0	443797	0	8
10.1917380522337	-1.7025	10.3264483768614	-1.7025	0	0	0	443797	0	8
10.3264483768614	-1.7025	10.4611587014891	-1.7025	0	0	0	443797	0	8
10.4611587014891	-1.7025	10.5958690261168	-1.7025	0	0	0	443797	0	8
10.5958690261168	-1.7025	10.7305793507446	-1.7025	0	0	0	443797	0	8
10.7305793507446	-1.7025	10.8652896753723	-1.7025	0	0	0	443797	0	8
10.8652896753723	-1.7025	11	-1.7025	0	0	0	443797	0	8
-11	-2.2	-10.8663746728708	-2.2	0	0	0	570560000	0	9
-10.8663746728708	-2.2	-10.7327493457416	-2.2	0	0	0	570560000	0	9
-10.7327493457416	-2.2	-10.5991240186124	-2.2	0	0	0	570560000	0	9
-10.5991240186124	-2.2	-10.4654986914831	-2.2	0	0	0	570560000	0	9
-10.4654986914831	-2.2	-10.3318733643539	-2.2	0	0	0	570560000	0	9
-10.3318733643539	-2.2	-10.1982480372247	-2.2	0	0	0	570560000	0	9
-10.1982480372247	-2.2	-10.0646227100955	-2.2	0	0	0	570560000	0	9
-10.0646227100955	-2.2	-9.9309973829663	-2.2	0	0	0	570560000	0	9
-9.9309973829663	-2.2	-9.79737205583708	-2.2	0	0	0	570560000	0	9
-9.79737205583708	-2.2	-9.66374672870787	-2.2	0	0	0	570560000	0	9
-9.66374672870787	-2.2	-9.53012140157866	-2.2	0	0	0	570560000	0	9
-9.53012140157866	-2.2	-9.39649607444944	-2.2	0	0	0	570560000	0	9
-9.39649607444944	-2.2	-9.26287074732023	-2.2	0	0	0	570560000	0	9
-9.26287074732023	-2.2	-9.12924542019102	-2.2	0	0	0	570560000	0	9
-9.12924542019102	-2.2	-8.99562009306181	-2.2	0	0	0	570560000	0	9
-8.99562009306181	-2.2	-8.86199476593259	-2.2	0	0	0	570560000	0	9
-8.86199476593259	-2.2	-8.72836943880338	-2.2	0	0	0	570560000	0	9
-8.72836943880338	-2.2	-8.59474411167417	-2.2	0	0	0	570560000	0	9
-8.59474411167417	-2.2	-8.46111878454495	-2.2	0	0	0	570560000	0	9
-8.46111878454495	-2.2	-8.32749345741574	-2.2	0	0	0	570560000	0	9
-8.32749345741574	-2.2	-8.19386813028653	-2.2	0	0	0	570560000	0	9
-8.19386813028653	-2.2	-8.06024280315732	-2.2	0	0	0	570560000	0	9
-8.06024280315732	-2.2	-7.9266174760281	-2.2	0	0	0	570560000	0	9
-7.9266174760281	-2.2	-7.79299214889889	-2.2	0	0	0	570560000	0	9
-7.79299214889889	-2.2	-7.65936682176968	-2.2	0	0	0	570560000	0	9
-7.65936682176968	-2.2	-7.52574149464046	-2.2	0	0	0	570560000	0	9
-7.52574149464046	-2.2	-7.39211616751125	-2.2	0	0	0	570560000	0	9
-7.39211616751125	-2.2	-7.25849084038204	-2.2	0	0	0	570560000	0	9
-7.25849084038204	-2.2	-7.12486551325282	-2.2	0	0	0	570560000	0	9
-7.12486551325282	-2.2	-6.99124018612361	-2.2	0	0	0	570560000	0	9
-6.99124018612361	-2.2	-6.8576148589944	-2.2	0	0	0	570560000	0	9
-6.8576148589944	-2.2	-6.72398953186519	-2.2	0	0	0	570560000	0	9
-6.72398953186519	-2.2	-6.59036420473597	-2.2	0	0	0	570560000	0	9
-6.59036420473597	-2.2	-6.45673887760676	-2.2	0	0	0	570560000	0	9
-5.92090246985852	-2.2	-5.78660959311361	-2.2	0	0	0	570560	0	10
-5.78660959311361	-2.2	-5.6523167163687	-2.2	0	0	0	570560	0	10
-5.6523167163687	-2.2	-5.51802383962379	-2.2	0	0	0	570560	0	10
-5.51802383962379	-2.2	-5.38373096287888	-2.2	0	0	0	570560	0	10
-5.38373096287888	-2.2	-5.24943808613397	-2.2	0	0	0	570560	0	10
-5.24943808613397	-2.2	-5.11514520938906	-2.2	0	0	0	570560	0	10
-5.11514520938906	-2.2	-4.98085233264415	-2.2	0	0	0	570560	0	10
-4.98085233264415	-2.2	-4.84655945589925	-2.2	0	0	0	570560	0	10
-4.84655945589925	-2.2	-4.71226657915434	-2.2	0	0	0	570560	0	10
-4.71226657915434	-2.2	-4.57797370240943	-2.2	0	0	0	570560	0	10
-4.57797370240943	-2.2	-4.44368082566452	-2.2	0	0	0	570560	0	10
-4.44368082566452	-2.2	-4.30938794891961	-2.2	0	0	0	570560	0	10
-4.30938794891961	-2.2	-4.1750950721747	-2.2	0	0	0	570560	0	10
-4.1750950721747	-2.2	-4.04080219542979	-2.2	0	0	0	570560	0	10
-4.04080219542979	-2.2	-3.90650931868488	-2.2	0	0	0	570560	0	10
-3.90650931868488	-2.2	-3.77221644193997	-2.2	0	0	0	570560	0	10
-3.77221644193997	-2.2	-3.63792356519507	-2.2	0	0	0	570560	0	10
-3.63792356519507	-2.2	-3.50363068845016	-2.2	0	0	0	570560	0	10
-3.50363068845016	-2.2	-3.36933781170525	-2.2	0	0	0	570560	0	10
-3.36933781170525	-2.2	-3.23504493496034	-2.2	0	0	0	570560	0	10
-3.23504493496034	-2.2	-3.10075205821543	-2.2	0	0	0	570560	0	10
-3.10075205821543	-2.2	-2.96645918147052	-2.2	0	0	0	570560	0	10
-2.96645918147052	-2.2	-2.83216630472561	-2.2	0	0	0	570560	0	10
-2.83216630472561	-2.2	-2.6978734279807	-2.2	0	0	0	570560	0	10
-2.6978734279807	-2.2	-2.5635805512358	-2.2	0	0	0	570560	0	10
-2.5635805512358	-2.2	-2.42928767449089	-2.2	0	0	0	570560	0	10
-2.42928767449089	-2.2	-2.29499479774598	-2.2	0	0	0	570560	0	10
-2.29499479774598	-2.2	-2.16070192100107	-2.2	0	0	0	570560	0	10
-2.16070192100107	-2.2	-2.02640904425616	-2.2	0	0	0	570560	0	10
-2.02640904425616	-2.2	-1.89211616751125	-2.2	0	0	0	570560	0	10
-1.89211616751125	-2.2	-1.75782329076634	-2.2	0	0	0	570560	0	10
-1.75782329076634	-2.2	-1.62353041402143	-2.2	0	0	0	570560	0	10
-1.62353041402143	-2.2	-1.48923753727652	-2.2	0	0	0	570560	0	10
-1.48923753727652	-2.2	-1.35494466053161	-2.2	0	0	0	570560	0	10
-1.35494466053161	-2.2	-1.22065178378671	-2.2	0	0	0	570560	0	10
-1.22065178378671	-2.2	-1.0863589070418	-2.2	0	0	0	570560	0	10
-1.0863589070418	-2.2	-0.952066030296889	-2.2	0	0	0	570560	0	10
-0.952066030296889	-2.2	-0.81777315355198	-2.2	0	0	0	570560	0	10
-0.81777315355198	-2.2	-0.683480276807071	-2.2	0	0	0	570560	0	10
-0.683480276807071	-2.2	-0.549187400062162	-2.2	0	0	0	570560	0	10
-0.549187400062162	-2.2	-0.414894523317253	-2.2	0	0	0	570560	0	10
-0.414894523317253	-2.2	-0.280601646572345	-2.2	0	0	0	570560	0	10
-0.280601646572345	-2.2	-0.146308769827436	-2.2	0	0	0	570560	0	10
-0.146308769827436	-2.2	-0.0120158930825269	-2.2	0	0	0	570560	0	10
-0.0120158930825269	-2.2	0.122276983662382	-2.2	0	0	0	570560	0	10
0.122276983662382	-2.2	0.256569860407291	-2.2	0	0	0	570560	0	10
0.256569860407291	-2.2	0.3908627371522	-2.2	0	0	0	570560	0	10
0.3908627371522	-2.2	0.525155613897109	-2.2	0	0	0	570560	0	10
0.525155613897109	-2.2	0.659448490642018	-2.2	0	0	0	570560	0	10
0.659448490642018	-2.2	0.793741367386927	-2.2	0	0	0	570560	0	10
0.793741367386927	-2.2	0.928034244131835	-2.2	0	0	0	570560	0	10
0.928034244131835	-2.2	1.06232712087674	-2.2	0	0	0	570560	0	10
1.06232712087674	-2.2	1.19661999762165	-2.2	0	0	0	570560	0	10
1.19661999762165	-2.2	1.33091287436656	-2.2	0	0	0	570560	0	10
1.33091287436656	-2.2	1.46520575111147	-2.2	0	0	0	570560	0	10
1.46520575111147	-2.2	1.59949862785638	-2.2	0	0	0	570560	0	10
1.59949862785638	-2.2	1.73379150460129	-2.2	0	0	0	570560	0	10
1.73379150460129	-2.2	1.8680843813462	-2.2	0	0	0	570560	0	10
1.8680843813462	-2.2	2.00237725809111	-2.2	0	0	0	570560	0	10
2.00237725809111	-2.2	2.13667013483601	-2.2	0	0	0	570560	0	10
2.13667013483601	-2.2	2.27096301158092	-2.2	0	0	0	570560	0	10
2.27096301158092	-2.2	2.40525588832583	-2.2	0	0	0	570560	0	10
2.40525588832583	-2.2	2.53954876507074	-2.2	0	0	0	570560	0	10
2.53954876507074	-2.2	2.67384164181565	-2.2	0	0	0	570560	0	10
2.67384164181565	-2.2	2.80813451856056	-2.2	0	0	0	570560	0	10
2.80813451856056	-2.2	2.94242739530547	-2.2	0	0	0	570560	0	10
2.94242739530547	-2.2	3.07672027205038	-2.2	0	0	0	570560	0	10
3.07672027205038	-2.2	3.21101314879529	-2.2	0	0	0	570560	0	10
3.21101314879529	-2.2	3.34530602554019	-2.2	0	0	0	570560	0	10
3.34530602554019	-2.2	3.4795989022851	-2.2	0	0	0	570560	0	10
3.4795989022851	-2.2	3.61389177903001	-2.2	0	0	0	570560	0	10
3.61389177903001	-2.2	3.74818465577492	-2.2	0	0	0	570560	0	10
3.74818465577492	-2.2	3.88247753251983	-2.2	0	0	0	570560	0	10
3.88247753251983	-2.2	4.01677040926474	-2.2	0	0	0	570560	0	10
4.01677040926474	-2.2	4.15106328600965	-2.2	0	0	0	570560	0	10
4.15106328600965	-2.2	4.28535616275456	-2.2	0	0	0	570560	0	10
4.28535616275456	-2.2	4.41964903949947	-2.2	0	0	0	570560	0	10
4.41964903949947	-2.2	4.55394191624437	-2.2	0	0	0	570560	0	10
4.55394191624437	-2.2	4.68823479298928	-2.2	0	0	0	570560	0	10
4.68823479298928	-2.2	4.82252766973419	-2.2	0	0	0	570560	0	10
4.82252766973419	-2.2	4.9568205464791	-2.2	0	0	0	570560	0	10
4.9568205464791	-2.2	5.09111342322401	-2.2	0	0	0	570560	0	10
5.09111342322401	-2.2	5.22540629996892	-2.2	0	0	0	570560	0	10
5.22540629996892	-2.2	5.35969917671383	-2.2	0	0	0	570560	0	10
5.35969917671383	-2.2	5.49399205345874	-2.2	0	0	0	570560	0	10
5.49399205345874	-2.2	5.62828493020365	-2.2	0	0	0	570560	0	10
5.62828493020365	-2.2	5.76257780694855	-2.2	0	0	0	570560	0	10
5.76257780694855	-2.2	5.89687068369346	-2.2	0	0	0	570560	0	10
5.89687068369346	-2.2	6.03116356043837	-2.2	0	0	0	570560	0	10
6.03116356043837	-2.2	6.16545643718328	-2.2	0	0	0	570560	0	10
6.16545643718328	-2.2	6.29974931392819	-2.2	0	0	0	570560	0	10
6.29974931392819	-2.2	6.4340421906731	-2.2	0	0	0	570560	0	10
6.4340421906731	-2.2	6.56833506741801	-2.2	0	0	0	570560	0	10
6.56833506741801	-2.2	6.70262794416292	-2.2	0	0	0	570560	0	10
6.70262794416292	-2.2	6.83692082090783	-2.2	0	0	0	570560	0	10
6.83692082090783	-2.2	6.97121369765273	-2.2	0	0	0	570560	0	10
6.97121369765273	-2.2	7.10550657439764	-2.2	0	0	0	570560	0	10
7.10550657439764	-2.2	7.23979945114255	-2.2	0	0	0	570560	0	10
7.23979945114255	-2.2	7.37409232788746	-2.2	0	0	0	570560	0	10
7.37409232788746	-2.2	7.50838520463237	-2.2	0	0	0	570560	0	10
7.50838520463237	-2.2	7.64267808137728	-2.2	0	0	0	570560	0	10
7.64267808137728	-2.2	7.77697095812219	-2.2	0	0	0	570560	0	10
7.77697095812219	-2.2	7.9112638348671	-2.2	0	0	0	570560	0	10
7.9112638348671	-2.2	8.045556711612	-2.2	0	0	0	570560	0	10
8.045556711612	-2.2	8.17984958835691	-2.2	0	0	0	570560	0	10
8.17984958835691	-2.2	8.31414246510182	-2.2	0	0	0	570560	0	10
8.31414246510182	-2.2	8.44843534184673	-2.2	0	0	0	570560	0	10
8.44843534184673	-2.2	8.58272821859164	-2.2	0	0	0	570560	0	10
8.58272821859164	-2.2	8.71702109533655	-2.2	0	0	0	570560	0	10
8.71702109533655	-2.2	8.85131397208146	-2.2	0	0	0	570560	0	10
8.85131397208146	-2.2	8.98560684882637	-2.2	0	0	0	570560	0	10
8.98560684882637	-2.2	9.11989972557128	-2.2	0	0	0	570560	0	10
9.11989972557128	-2.2	9.25419260231618	-2.2	0	0	0	570560	0	10
9.25419260231618	-2.2	9.38848547906109	-2.2	0	0	0	570560	0	10
9.38848547906109	-2.2	9.522778355806	-2.2	0	0	0	570560	0	10
9.522778355806	-2.2	9.65707123255091	-2.2	0	0	0	570560	0	10
9.65707123255091	-2.2	9.79136410929582	-2.2	0	0	0	570560	0	10
9.79136410929582	-2.2	9.92565698604073	-2.2	0	0	0	570560	0	10
9.92565698604073	-2.2	10.0599498627856	-2.2	0	0	0	570560	0	10
10.0599498627856	-2.2	10.1942427395305	-2.2	0	0	0	570560	0	10
10.1942427395305	-2.2	10.3285356162755	-2.2	0	0	0	570560	0	10
10.3285356162755	-2.2	10.4628284930204	-2.2	0	0	0	570560	0	10
10.4628284930204	-2.2	10.5971213697653	-2.2	0	0	0	570560	0	10
10.5971213697653	-2.2	10.7314142465102	-2.2	0	0	0	570560	0	10
10.7314142465102	-2.2	10.8657071232551	-2.2	0	0	0	570560	0	10
10.8657071232551	-2.2	11	-2.2	0	0	0	570560	0	10
-10	0	-9.89174682452695	-0.0625	0	0	0	0	0	0
-9.89174682452695	-0.0625	-9.78349364905389	-0.125	0	0	0	0	0	0
-9.783493649054	-0.125	-9.70988148973232	-0.1675	0	0	0	0	0	0
-9.70988148973232	-0.1675	-9.63626933041065	-0.21	0	0	0	0	0	0
-9.63626933041065	-0.21	-9.56698729810789	-0.25	0	0	0	0	0	0
-9.566987298108	-0.25	-9.45873412263495	-0.3125	0	0	0	0	0	0
-9.45873412263495	-0.3125	-9.35048094716189	-0.375	0	0	0	0	0	0
-9.350480947162	-0.375	-9.24222777168895	-0.4375	0	0	0	0	0	0
-9.24222777168895	-0.4375	-9.13397459621589	-0.5	0	0	0	0	0	0
-9.133974596216	-0.5	-9.02572142074295	-0.5625	0	0	0	0	0	0
-9.02572142074295	-0.5625	-8.91746824526989	-0.625	0	0	0	0	0	0
-8.917468245269	-0.625	-8.84602114945678	-0.66625	0	0	0	0	0	0
-8.84602114945678	-0.66625	-8.77457405364457	-0.7075	0	0	0	0	0	0
-8.77457405364457	-0.7075	-8.70096189432289	-0.75	0	0	0	0	0	0
-8.700961894323	-0.75	-8.59270871884994	-0.8125	0	0	0	0	0	0
-8.59270871884994	-0.8125	-8.48445554337689	-0.875	0	0	0	0	0	0
-8.484455543377	-0.875	-8.37620236790395	-0.9375	0	0	0	0	0	0
-8.37620236790395	-0.9375	-8.26794919243089	-1	0	0	0	0	0	0
-8.267949192431	-1	-8.15969601695794	-1.0625	0	0	0	0	0	0
-8.15969601695794	-1.0625	-8.05144284148489	-1.125	0	0	0	0	0	0
-8.051442841485	-1.125	-7.98216080918225	-1.165	0	0	0	0	0	0
-7.98216080918225	-1.165	-7.91287877687949	-1.205	0	0	0	0	0	0
-7.91287877687949	-1.205	-7.83493649053889	-1.25	0	0	0	0	0	0
-7.834936490539	-1.25	-7.72668331506595	-1.3125	0	0	0	0	0	0
-7.72668331506595	-1.3125	-7.61843013959289	-1.375	0	0	0	0	0	0
-7.618430139593	-1.375	-7.51017696411994	-1.4375	0	0	0	0	0	0
-7.51017696411994	-1.4375	-7.40192378864689	-1.5	0	0	0	0	0	0
-7.401923788647	-1.5	-7.29367061317395	-1.5625	0	0	0	0	0	0
-7.29367061317395	-1.5625	-7.18541743770089	-1.625	0	0	0	0	0	0
-7.185417437701	-1.625	-7.11830046890771	-1.66375	0	0	0	0	0	0
-7.11830046890771	-1.66375	-7.05118350011441	-1.7025	0	0	0	0	0	0
-7.05118350011441	-1.7025	-6.96891108675489	-1.75	0	0	0	0	0	0
-6.968911086754	-1.75	-6.86065791128095	-1.8125	0	0	0	0	0	0
-6.86065791128095	-1.8125	-6.75240473580789	-1.875	0	0	0	0	0	0
-6.752404735808	-1.875	-6.64415156033495	-1.9375	0	0	0	0	0	0
-6.64415156033495	-1.9375	-6.53589838486189	-2	0	0	0	0	0	0
-6.535898384862	-2	-6.42764520938895	-2.0625	0	0	0	0	0	0
-6.42764520938895	-2.0625	-6.31939203391589	-2.125	0	0	0	0	0	0
-6.319392033916	-2.125	-6.25444012863217	-2.1625	0	0	0	0	0	0
-6.25444012863217	-2.1625	-6.18948822334833	-2.2	0	0	0	0	0	0
-6.18948822334833	-2.2	-6.10288568296989	-2.25	0	0	0	0	0	0
-6.10288568297	-2.25	-5.99441500129888	-2.31212174512844	0	0	0	0	0	0
-5.99441500129888	-2.31212174512844	-5.88594431962777	-2.374243490257	0	0	0	0	0	0
-5.885944319628	-2.374243490257	-5.76520359134187	-2.40659587089481	0	0	0	0	0	0
-5.76520359134187	-2.40659587089481	-5.64446286305573	-2.438948251533	0	0	0	0	0	0
-5.644462863056	-2.438948251533	-5.51946362459878	-2.4393845829599	0	0	0	0	0	0
-5.51946362459878	-2.4393845829599	-5.39446438614155	-2.439820914386	0	0	0	0	0	0
-5.394464386141	-2.439820914386	-5.269464386141	-2.439820914386	0	0	0	0	0	0
-5.269464386141	-2.439820914386	-5.144464386141	-2.439820914386	0	0	0	0	0	0
-5.144464386141	-2.439820914386	-5.019464386141	-2.439820914386	0	0	0	0	0	0
-5.019464386141	-2.439820914386	-4.894464386141	-2.439820914386	0	0	0	0	0	0
-4.894464386141	-2.439820914386	-4.769464386141	-2.439820914386	0	0	0	0	0	0
-4.769464386141	-2.439820914386	-4.644464386141	-2.439820914386	0	0	0	0	0	0
-4.644464386141	-2.439820914386	-4.519464386141	-2.439820914386	0	0	0	0	0	0
-4.519464386141	-2.439820914386	-4.394464386141	-2.439820914386	0	0	0	0	0	0
-4.394464386141	-2.439820914386	-4.269464386141	-2.439820914386	0	0	0	0	0	0
-4.269464386141	-2.439820914386	-4.144464386141	-2.439820914386	0	0	0	0	0	0
-4.144464386141	-2.439820914386	-4.019464386141	-2.439820914386	0	0	0	0	0	0
-4.019464386141	-2.439820914386	-3.894464386141	-2.439820914386	0	0	0	0	0	0
-3.894464386141	-2.439820914386	-3.769464386141	-2.439820914386	0	0	0	0	0	0
-3.769464386141	-2.439820914386	-3.644464386141	-2.439820914386	0	0	0	0	0	0
-3.644464386141	-2.439820914386	-3.519464386141	-2.439820914386	0	0	0	0	0	0
-3.519464386141	-2.439820914386	-3.394464386141	-2.439820914386	0	0	0	0	0	0
-3.394464386141	-2.439820914386	-3.269464386141	-2.439820914386	0	0	0	0	0	0
-3.269464386141	-2.439820914386	-3.144464386141	-2.439820914386	0	0	0	0	0	0
-3.144464386141	-2.439820914386	-3.019464386141	-2.439820914386	0	0	0	0	0	0
-3.019464386141	-2.439820914386	-2.894464386141	-2.439820914386	0	0	0	0	0	0
-2.894464386141	-2.439820914386	-2.769464386141	-2.439820914386	0	0	0	0	0	0
-2.769464386141	-2.439820914386	-2.644464386141	-2.439820914386	0	0	0	0	0	0
-2.644464386141	-2.439820914386	-2.519464386141	-2.439820914386	0	0	0	0	0	0
-2.519464386141	-2.439820914386	-2.394464386141	-2.439820914386	0	0	0	0	0	0
-2.394464386141	-2.439820914386	-2.269464386141	-2.439820914386	0	0	0	0	0	0
-2.269464386141	-2.439820914386	-2.144464386141	-2.439820914386	0	0	0	0	0	0
-2.144464386141	-2.439820914386	-2.019464386141	-2.439820914386	0	0	0	0	0	0
-2.019464386141	-2.439820914386	-1.894464386141	-2.439820914386	0	0	0	0	0	0
-1.894464386141	-2.439820914386	-1.769464386141	-2.439820914386	0	0	0	0	0	0
-1.769464386141	-2.439820914386	-1.644464386141	-2.439820914386	0	0	0	0	0	0
-1.644464386141	-2.439820914386	-1.519464386141	-2.439820914386	0	0	0	0	0	0
-1.519464386141	-2.439820914386	-1.394464386141	-2.439820914386	0	0	0	0	0	0
-1.394464386141	-2.439820914386	-1.269464386141	-2.439820914386	0	0	0	0	0	0
-1.269464386141	-2.439820914386	-1.144464386141	-2.439820914386	0	0	0	0	0	0
-1.144464386141	-2.439820914386	-1.019464386141	-2.439820914386	0	0	0	0	0	0
-1.019464386141	-2.439820914386	-0.894464386141	-2.439820914386	0	0	0	0	0	0
-0.894464386141	-2.439820914386	-0.769464386141	-2.439820914386	0	0	0	0	0	0
-0.769464386141	-2.439820914386	-0.644464386141	-2.439820914386	0	0	0	0	0	0
-0.644464386141	-2.439820914386	-0.519464386141	-2.439820914386	0	0	0	0	0	0
-0.519464386141	-2.439820914386	-0.394464386141	-2.439820914386	0	0	0	0	0	0
-0.394464386141	-2.439820914386	-0.269464386141	-2.439820914386	0	0	0	0	0	0
-0.269464386141	-2.439820914386	-0.144464386141	-2.439820914386	0	0	0	0	0	0
-0.144464386141	-2.439820914386	-0.019464386141	-2.439820914386	0	0	0	0	0	0
-0.019464386141	-2.439820914386	0.105535613859	-2.439820914386	0	0	0	0	0	0
0.105535613859	-2.439820914386	0.230535613859	-2.439820914386	0	0	0	0	0	0
0.230535613859	-2.439820914386	0.355535613859	-2.439820914386	0	0	0	0	0	0
0.355535613859	-2.439820914386	0.480535613859	-2.439820914386	0	0	0	0	0	0
0.480535613859	-2.439820914386	0.605535613859	-2.439820914386	0	0	0	0	0	0
0.605535613859	-2.439820914386	0.730535613859	-2.439820914386	0	0	0	0	0	0
0.730535613859	-2.439820914386	0.855535613859	-2.439820914386	0	0	0	0	0	0
0.855535613859	-2.439820914386	0.980535613859	-2.439820914386	0	0	0	0	0	0
0.980535613859	-2.439820914386	1.105535613859	-2.439820914386	0	0	0	0	0	0
1.105535613859	-2.439820914386	1.230535613859	-2.439820914386	0	0	0	0	0	0
1.230535613859	-2.439820914386	1.355535613859	-2.439820914386	0	0	0	0	0	0
1.355535613859	-2.439820914386	1.480535613859	-2.439820914386	0	0	0	0	0	0
1.480535613859	-2.439820914386	1.605535613859	-2.439820914386	0	0	0	0	0	0
1.605535613859	-2.439820914386	1.730535613859	-2.439820914386	0	0	0	0	0	0
1.730535613859	-2.439820914386	1.855535613859	-2.439820914386	0	0	0	0	0	0
1.855535613859	-2.439820914386	1.980535613859	-2.439820914386	0	0	0	0	0	0
1.980535613859	-2.439820914386	2.105535613859	-2.439820914386	0	0	0	0	0	0
2.105535613859	-2.439820914386	2.230535613859	-2.439820914386	0	0	0	0	0	0
2.230535613859	-2.439820914386	2.355535613859	-2.439820914386	0	0	0	0	0	0
2.355535613859	-2.439820914386	2.480535613859	-2.439820914386	0	0	0	0	0	0
2.480535613859	-2.439820914386	2.605535613859	-2.439820914386	0	0	0	0	0	0
2.605535613859	-2.439820914386	2.730535613859	-2.439820914386	0	0	0	0	0	0
2.730535613859	-2.439820914386	2.855535613859	-2.439820914386	0	0	0	0	0	0
2.855535613859	-2.439820914386	2.980535613859	-2.439820914386	0	0	0	0	0	0
2.980535613859	-2.439820914386	3.105535613859	-2.439820914386	0	0	0	0	0	0
3.105535613859	-2.439820914386	3.230535613859	-2.439820914386	0	0	0	0	0	0
3.230535613859	-2.439820914386	3.355535613859	-2.439820914386	0	0	0	0	0	0
3.355535613859	-2.439820914386	3.480535613859	-2.439820914386	0	0	0	0	0	0
3.480535613859	-2.439820914386	3.605535613859	-2.439820914386	0	0	0	0	0	0
3.605535613859	-2.439820914386	3.730535613859	-2.439820914386	0	0	0	0	0	0
3.730535613859	-2.439820914386	3.855535613859	-2.439820914386	0	0	0	0	0	0
3.855535613859	-2.439820914386	3.980535613859	-2.439820914386	0	0	0	0	0	0
3.980535613859	-2.439820914386	4.105535613859	-2.439820914386	0	0	0	0	0	0
4.105535613859	-2.439820914386	4.230535613859	-2.439820914386	0	0	0	0	0	0
4.230535613859	-2.439820914386	4.355535613859	-2.439820914386	0	0	0	0	0	0
4.355535613859	-2.439820914386	4.480535613859	-2.439820914386	0	0	0	0	0	0
4.480535613859	-2.439820914386	4.605535613859	-2.439820914386	0	0	0	0	0	0
4.605535613859	-2.439820914386	4.730535613859	-2.439820914386	0	0	0	0	0	0
4.730535613859	-2.439820914386	4.855535613859	-2.439820914386	0	0	0	0	0	0
4.855535613859	-2.439820914386	4.980535613859	-2.439820914386	0	0	0	0	0	0
4.980535613859	-2.439820914386	5.105535613859	-2.439820914386	0	0	0	0	0	0
5.105535613859	-2.439820914386	5.230535613859	-2.439820914386	0	0	0	0	0	0
5.230535613859	-2.439820914386	5.355535613859	-2.439820914386	0	0	0	0	0	0
5.355535613859	-2.439820914386	5.480535613859	-2.439820914386	0	0	0	0	0	0
5.480535613859	-2.439820914386	5.605535613859	-2.439820914386	0	0	0	0	0	0
5.605535613859	-2.439820914386	5.730535613859	-2.439820914386	0	0	0	0	0	0
5.730535613859	-2.439820914386	5.855535613859	-2.439820914386	0	0	0	0	0	0
5.855535613859	-2.439820914386	5.980535613859	-2.439820914386	0	0	0	0	0	0
5.980535613859	-2.439820914386	6.105535613859	-2.439820914386	0	0	0	0	0	0
6.105535613859	-2.439820914386	6.230535613859	-2.439820914386	0	0	0	0	0	0
6.230535613859	-2.439820914386	6.355535613859	-2.439820914386	0	0	0	0	0	0
6.355535613859	-2.439820914386	6.480535613859	-2.439820914386	0	0	0	0	0	0
6.480535613859	-2.439820914386	6.605535613859	-2.439820914386	0	0	0	0	0	0
6.605535613859	-2.439820914386	6.730535613859	-2.439820914386	0	0	0	0	0	0
6.730535613859	-2.439820914386	6.855535613859	-2.439820914386	0	0	0	0	0	0
6.855535613859	-2.439820914386	6.980535613859	-2.439820914386	0	0	0	0	0	0
6.980535613859	-2.439820914386	7.105535613859	-2.439820914386	0	0	0	0	0	0
7.105535613859	-2.439820914386	7.230535613859	-2.439820914386	0	0	0	0	0	0
7.230535613859	-2.439820914386	7.355535613859	-2.439820914386	0	0	0	0	0	0
7.355535613859	-2.439820914386	7.480535613859	-2.439820914386	0	0	0	0	0	0
7.480535613859	-2.439820914386	7.605535613859	-2.439820914386	0	0	0	0	0	0
7.605535613859	-2.439820914386	7.730535613859	-2.439820914386	0	0	0	0	0	0
7.730535613859	-2.439820914386	7.855535613859	-2.439820914386	0	0	0	0	0	0
7.855535613859	-2.439820914386	7.980535613859	-2.439820914386	0	0	0	0	0	0
7.980535613859	-2.439820914386	8.105535613859	-2.439820914386	0	0	0	0	0	0
8.105535613859	-2.439820914386	8.230535613859	-2.439820914386	0	0	0	0	0	0
8.230535613859	-2.439820914386	8.355535613859	-2.439820914386	0	0	0	0	0	0
8.355535613859	-2.439820914386	8.480535613859	-2.439820914386	0	0	0	0	0	0
8.480535613859	-2.439820914386	8.605535613859	-2.439820914386	0	0	0	0	0	0
8.605535613859	-2.439820914386	8.730535613859	-2.439820914386	0	0	0	0	0	0
8.730535613859	-2.439820914386	8.855535613859	-2.439820914386	0	0	0	0	0	0
8.855535613859	-2.439820914386	8.980535613859	-2.439820914386	0	0	0	0	0	0
8.980535613859	-2.439820914386	9.105535613859	-2.439820914386	0	0	0	0	0	0
9.105535613859	-2.439820914386	9.230535613859	-2.439820914386	0	0	0	0	0	0
9.230535613859	-2.439820914386	9.355535613859	-2.439820914386	0	0	0	0	0	0
9.355535613859	-2.439820914386	9.480535613859	-2.439820914386	0	0	0	0	0	0
9.480535613859	-2.439820914386	9.605535613859	-2.439820914386	0	0	0	0	0	0
9.605535613859	-2.439820914386	9.730535613859	-2.439820914386	0	0	0	0	0	0
9.730535613859	-2.439820914386	9.855535613859	-2.439820914386	0	0	0	0	0	0
9.855535613859	-2.439820914386	9.980535613859	-2.439820914386	0	0	0	0	0	0
9.980535613859	-2.439820914386	10.105535613859	-2.439820914386	0	0	0	0	0	0
10.105535613859	-2.439820914386	10.230535613859	-2.439820914386	0	0	0	0	0	0
10.230535613859	-2.439820914386	10.355535613859	-2.439820914386	0	0	0	0	0	0
10.355535613859	-2.439820914386	10.480535613859	-2.439820914386	0	0	0	0	0	0
10.480535613859	-2.439820914386	10.605535613859	-2.439820914386	0	0	0	0	0	0
10.605535613859	-2.439820914386	10.730535613859	-2.439820914386	0	0	0	0	0	0
10.730535613859	-2.439820914386	10.855535613859	-2.439820914386	0	0	0	0	0	0
10.855535613859	-2.439820914386	10.980535613859	-2.439820914386	0	0	0	0	0	0
10.980535613859	-2.439820914386	11.105535613859	-2.439820914386	0	0	0	0	0	0
11.105535613859	-2.439820914386	11.230535613859	-2.439820914386	0	0	0	0	0	0
11.230535613859	-2.439820914386	11.355535613859	-2.439820914386	0	0	0	0	0	0
11.355535613859	-2.439820914386	11.480535613859	-2.439820914386	0	0	0	0	0	0
11.480535613859	-2.439820914386	11.605535613859	-2.439820914386	0	0	0	0	0	0
11.605535613859	-2.439820914386	11.730535613859	-2.439820914386	0	0	0	0	0	0
11.730535613859	-2.439820914386	11.855535613859	-2.439820914386	0	0	0	0	0	0
11.855535613859	-2.439820914386	11.980535613859	-2.439820914386	0	0	0	0	0	0
11.980535613859	-2.439820914386	12.105535613859	-2.439820914386	0	0	0	0	0	0
12.105535613859	-2.439820914386	12.230535613859	-2.439820914386	0	0	0	0	0	0
12.230535613859	-2.439820914386	12.355535613859	-2.439820914386	0	0	0	0	0	0
12.355535613859	-2.439820914386	12.480535613859	-2.439820914386	0	0	0	0	0	0
12.480535613859	-2.439820914386	12.605535613859	-2.439820914386	0	0	0	0	0	0
12.605535613859	-2.439820914386	12.730535613859	-2.439820914386	0	0	0	0	0	0
12.730535613859	-2.439820914386	12.855535613859	-2.439820914386	0	0	0	0	0	0
12.855535613859	-2.439820914386	12.980535613859	-2.439820914386	0	0	0	0	0	0
12.980535613859	-2.439820914386	13.105535613859	-2.439820914386	0	0	0	0	0	0
13.105535613859	-2.439820914386	13.230535613859	-2.439820914386	0	0	0	0	0	0
13.230535613859	-2.439820914386	13.355535613859	-2.439820914386	0	0	0	0	0	0
13.355535613859	-2.439820914386	13.480535613859	-2.439820914386	0	0	0	0	0	0
13.480535613859	-2.439820914386	13.605535613859	-2.439820914386	0	0	0	0	0	0
13.605535613859	-2.439820914386	13.730535613859	-2.439820914386	0	0	0	0	0	0
13.730535613859	-2.439820914386	13.855535613859	-2.439820914386	0	0	0	0	0	0
13.855535613859	-2.439820914386	13.980535613859	-2.439820914386	0	0	0	0	0	0
13.980535613859	-2.439820914386	14.105535613859	-2.439820914386	0	0	0	0	0	0
14.105535613859	-2.439820914386	14.230535613859	-2.439820914386	0	0	0	0	0	0
14.230535613859	-2.439820914386	14.355535613859	-2.439820914386	0	0	0	0	0	0
