-11	-0.21	-10.8760244845828	-0.21	0	0	0	63508000	0	1
-10.8760244845828	-0.21	-10.7520489691656	-0.21	0	0	0	63508000	0	1
-10.7520489691656	-0.21	-10.6280734537484	-0.21	0	0	0	63508000	0	1
-10.6280734537484	-0.21	-10.5040979383311	-0.21	0	0	0	63508000	0	1
-10.5040979383311	-0.21	-10.3801224229139	-0.21	0	0	0	63508000	0	1
-10.3801224229139	-0.21	-10.2561469074967	-0.21	0	0	0	63508000	0	1
-10.2561469074967	-0.21	-10.1321713920795	-0.21	0	0	0	63508000	0	1
-10.1321713920795	-0.21	-10.0081958766623	-0.21	0	0	0	63508000	0	1
-10.0081958766623	-0.21	-9.88422036124507	-0.21	0	0	0	63508000	0	1
-9.36651417576476	-0.21	-9.23163659844181	-0.21	0	0	0	63508	0	2
-9.23163659844181	-0.21	-9.09675902111887	-0.21	0	0	0	63508	0	2
-9.09675902111887	-0.21	-8.96188144379592	-0.21	0	0	0	63508	0	2
-8.96188144379592	-0.21	-8.82700386647297	-0.21	0	0	0	63508	0	2
-8.82700386647297	-0.21	-8.69212628915003	-0.21	0	0	0	63508	0	2
-8.69212628915003	-0.21	-8.55724871182708	-0.21	0	0	0	63508	0	2
-8.55724871182708	-0.21	-8.42237113450414	-0.21	0	0	0	63508	0	2
-8.42237113450414	-0.21	-8.28749355718119	-0.21	0	0	0	63508	0	2
-8.28749355718119	-0.21	-8.15261597985825	-0.21	0	0	0	63508	0	2
-8.15261597985825	-0.21	-8.0177384025353	-0.21	0	0	0	63508	0	2
-8.0177384025353	-0.21	-7.88286082521236	-0.21	0	0	0	63508	0	2
-7.88286082521236	-0.21	-7.74798324788941	-0.21	0	0	0	63508	0	2
-7.74798324788941	-0.21	-7.61310567056647	-0.21	0	0	0	63508	0	2
-7.61310567056647	-0.21	-7.47822809324352	-0.21	0	0	0	63508	0	2
-7.47822809324352	-0.21	-7.34335051592057	-0.21	0	0	0	63508	0	2
-7.34335051592057	-0.21	-7.20847293859763	-0.21	0	0	0	63508	0	2
-7.20847293859763	-0.21	-7.07359536127468	-0.21	0	0	0	63508	0	2
-7.07359536127468	-0.21	-6.93871778395174	-0.21	0	0	0	63508	0	2
-6.93871778395174	-0.21	-6.80384020662879	-0.21	0	0	0	63508	0	2
-6.80384020662879	-0.21	-6.66896262930585	-0.21	0	0	0	63508	0	2
-6.66896262930585	-0.21	-6.5340850519829	-0.21	0	0	0	63508	0	2
-6.5340850519829	-0.21	-6.39920747465996	-0.21	0	0	0	63508	0	2
-6.39920747465996	-0.21	-6.26432989733701	-0.21	0	0	0	63508	0	2
-6.26432989733701	-0.21	-6.12945232001407	-0.21	0	0	0	63508	0	2
-6.12945232001407	-0.21	-5.99457474269112	-0.21	0	0	0	63508	0	2
-5.99457474269112	-0.21	-5.85969716536817	-0.21	0	0	0	63508	0	2
-5.85969716536817	-0.21	-5.72481958804523	-0.21	0	0	0	63508	0	2
-5.72481958804523	-0.21	-5.58994201072228	-0.21	0	0	0	63508	0	2
-5.58994201072228	-0.21	-5.45506443339934	-0.21	0	0	0	63508	0	2
-5.45506443339934	-0.21	-5.32018685607639	-0.21	0	0	0	63508	0	2
-5.32018685607639	-0.21	-5.18530927875345	-0.21	0	0	0	63508	0	2
-5.18530927875345	-0.21	-5.0504317014305	-0.21	0	0	0	63508	0	2
-5.0504317014305	-0.21	-4.91555412410756	-0.21	0	0	0	63508	0	2
-4.91555412410756	-0.21	-4.78067654678461	-0.21	0	0	0	63508	0	2
-4.78067654678461	-0.21	-4.64579896946167	-0.21	0	0	0	63508	0	2
-4.64579896946167	-0.21	-4.51092139213872	-0.21	0	0	0	63508	0	2
-4.51092139213872	-0.21	-4.37604381481578	-0.21	0	0	0	63508	0	2
-4.37604381481578	-0.21	-4.24116623749283	-0.21	0	0	0	63508	0	2
-4.24116623749283	-0.21	-4.10628866016988	-0.21	0	0	0	63508	0	2
-4.10628866016988	-0.21	-3.97141108284694	-0.21	0	0	0	63508	0	2
-3.97141108284694	-0.21	-3.83653350552399	-0.21	0	0	0	63508	0	2
-3.83653350552399	-0.21	-3.70165592820105	-0.21	0	0	0	63508	0	2
-3.70165592820105	-0.21	-3.5667783508781	-0.21	0	0	0	63508	0	2
-3.5667783508781	-0.21	-3.43190077355516	-0.21	0	0	0	63508	0	2
-3.43190077355516	-0.21	-3.29702319623221	-0.21	0	0	0	63508	0	2
-3.29702319623221	-0.21	-3.16214561890927	-0.21	0	0	0	63508	0	2
-3.16214561890927	-0.21	-3.02726804158632	-0.21	0	0	0	63508	0	2
-3.02726804158632	-0.21	-2.89239046426338	-0.21	0	0	0	63508	0	2
-2.89239046426338	-0.21	-2.75751288694043	-0.21	0	0	0	63508	0	2
-2.75751288694043	-0.21	-2.62263530961749	-0.21	0	0	0	63508	0	2
-2.62263530961749	-0.21	-2.48775773229454	-0.21	0	0	0	63508	0	2
-2.48775773229454	-0.21	-2.35288015497159	-0.21	0	0	0	63508	0	2
-2.35288015497159	-0.21	-2.21800257764865	-0.21	0	0	0	63508	0	2
-2.21800257764865	-0.21	-2.0831250003257	-0.21	0	0	0	63508	0	2
-2.0831250003257	-0.21	-1.94824742300276	-0.21	0	0	0	63508	0	2
-1.94824742300276	-0.21	-1.81336984567981	-0.21	0	0	0	63508	0	2
-1.81336984567981	-0.21	-1.67849226835687	-0.21	0	0	0	63508	0	2
-1.67849226835687	-0.21	-1.54361469103392	-0.21	0	0	0	63508	0	2
-1.54361469103392	-0.21	-1.40873711371098	-0.21	0	0	0	63508	0	2
-1.40873711371098	-0.21	-1.27385953638803	-0.21	0	0	0	63508	0	2
-1.27385953638803	-0.21	-1.13898195906509	-0.21	0	0	0	63508	0	2
-1.13898195906509	-0.21	-1.00410438174214	-0.21	0	0	0	63508	0	2
-1.00410438174214	-0.21	-0.869226804419194	-0.21	0	0	0	63508	0	2
-0.869226804419194	-0.21	-0.734349227096249	-0.21	0	0	0	63508	0	2
-0.734349227096249	-0.21	-0.599471649773303	-0.21	0	0	0	63508	0	2
-0.599471649773303	-0.21	-0.464594072450359	-0.21	0	0	0	63508	0	2
-0.464594072450359	-0.21	-0.329716495127412	-0.21	0	0	0	63508	0	2
-0.329716495127412	-0.21	-0.194838917804468	-0.21	0	0	0	63508	0	2
-0.194838917804468	-0.21	-0.0599613404815216	-0.21	0	0	0	63508	0	2
-0.0599613404815216	-0.21	0.0749162368414229	-0.21	0	0	0	63508	0	2
0.0749162368414229	-0.21	0.209793814164369	-0.21	0	0	0	63508	0	2
0.209793814164369	-0.21	0.344671391487314	-0.21	0	0	0	63508	0	2
0.344671391487314	-0.21	0.47954896881026	-0.21	0	0	0	63508	0	2
0.47954896881026	-0.21	0.614426546133204	-0.21	0	0	0	63508	0	2
0.614426546133204	-0.21	0.749304123456149	-0.21	0	0	0	63508	0	2
0.749304123456149	-0.21	0.884181700779093	-0.21	0	0	0	63508	0	2
0.884181700779093	-0.21	1.01905927810204	-0.21	0	0	0	63508	0	2
1.01905927810204	-0.21	1.15393685542498	-0.21	0	0	0	63508	0	2
1.15393685542498	-0.21	1.28881443274793	-0.21	0	0	0	63508	0	2
1.28881443274793	-0.21	1.42369201007087	-0.21	0	0	0	63508	0	2
1.42369201007087	-0.21	1.55856958739382	-0.21	0	0	0	63508	0	2
1.55856958739382	-0.21	1.69344716471677	-0.21	0	0	0	63508	0	2
1.69344716471677	-0.21	1.82832474203971	-0.21	0	0	0	63508	0	2
1.82832474203971	-0.21	1.96320231936266	-0.21	0	0	0	63508	0	2
1.96320231936266	-0.21	2.0980798966856	-0.21	0	0	0	63508	0	2
2.0980798966856	-0.21	2.23295747400855	-0.21	0	0	0	63508	0	2
2.23295747400855	-0.21	2.36783505133149	-0.21	0	0	0	63508	0	2
2.36783505133149	-0.21	2.50271262865444	-0.21	0	0	0	63508	0	2
2.50271262865444	-0.21	2.63759020597738	-0.21	0	0	0	63508	0	2
2.63759020597738	-0.21	2.77246778330033	-0.21	0	0	0	63508	0	2
2.77246778330033	-0.21	2.90734536062327	-0.21	0	0	0	63508	0	2
2.90734536062327	-0.21	3.04222293794622	-0.21	0	0	0	63508	0	2
3.04222293794622	-0.21	3.17710051526917	-0.21	0	0	0	63508	0	2
3.17710051526917	-0.21	3.31197809259211	-0.21	0	0	0	63508	0	2
3.31197809259211	-0.21	3.44685566991506	-0.21	0	0	0	63508	0	2
3.44685566991506	-0.21	3.581733247238	-0.21	0	0	0	63508	0	2
3.581733247238	-0.21	3.71661082456095	-0.21	0	0	0	63508	0	2
3.71661082456095	-0.21	3.85148840188389	-0.21	0	0	0	63508	0	2
3.85148840188389	-0.21	3.98636597920684	-0.21	0	0	0	63508	0	2
3.98636597920684	-0.21	4.12124355652978	-0.21	0	0	0	63508	0	2
4.12124355652978	-0.21	4.25612113385273	-0.21	0	0	0	63508	0	2
4.25612113385273	-0.21	4.39099871117567	-0.21	0	0	0	63508	0	2
4.39099871117567	-0.21	4.52587628849862	-0.21	0	0	0	63508	0	2
4.52587628849862	-0.21	4.66075386582157	-0.21	0	0	0	63508	0	2
4.66075386582157	-0.21	4.79563144314451	-0.21	0	0	0	63508	0	2
4.79563144314451	-0.21	4.93050902046746	-0.21	0	0	0	63508	0	2
4.93050902046746	-0.21	5.0653865977904	-0.21	0	0	0	63508	0	2
5.0653865977904	-0.21	5.20026417511335	-0.21	0	0	0	63508	0	2
5.20026417511335	-0.21	5.33514175243629	-0.21	0	0	0	63508	0	2
5.33514175243629	-0.21	5.47001932975924	-0.21	0	0	0	63508	0	2
5.47001932975924	-0.21	5.60489690708218	-0.21	0	0	0	63508	0	2
5.60489690708218	-0.21	5.73977448440513	-0.21	0	0	0	63508	0	2
5.73977448440513	-0.21	5.87465206172807	-0.21	0	0	0	63508	0	2
5.87465206172807	-0.21	6.00952963905102	-0.21	0	0	0	63508	0	2
6.00952963905102	-0.21	6.14440721637397	-0.21	0	0	0	63508	0	2
6.14440721637397	-0.21	6.27928479369691	-0.21	0	0	0	63508	0	2
6.27928479369691	-0.21	6.41416237101986	-0.21	0	0	0	63508	0	2
6.41416237101986	-0.21	6.5490399483428	-0.21	0	0	0	63508	0	2
6.5490399483428	-0.21	6.68391752566575	-0.21	0	0	0	63508	0	2
6.68391752566575	-0.21	6.81879510298869	-0.21	0	0	0	63508	0	2
6.81879510298869	-0.21	6.95367268031164	-0.21	0	0	0	63508	0	2
6.95367268031164	-0.21	7.08855025763458	-0.21	0	0	0	63508	0	2
7.08855025763458	-0.21	7.22342783495753	-0.21	0	0	0	63508	0	2
7.22342783495753	-0.21	7.35830541228047	-0.21	0	0	0	63508	0	2
7.35830541228047	-0.21	7.49318298960342	-0.21	0	0	0	63508	0	2
7.49318298960342	-0.21	7.62806056692637	-0.21	0	0	0	63508	0	2
7.62806056692637	-0.21	7.76293814424931	-0.21	0	0	0	63508	0	2
7.76293814424931	-0.21	7.89781572157226	-0.21	0	0	0	63508	0	2
7.89781572157226	-0.21	8.0326932988952	-0.21	0	0	0	63508	0	2
8.0326932988952	-0.21	8.16757087621815	-0.21	0	0	0	63508	0	2
8.16757087621815	-0.21	8.30244845354109	-0.21	0	0	0	63508	0	2
8.30244845354109	-0.21	8.43732603086404	-0.21	0	0	0	63508	0	2
8.43732603086404	-0.21	8.57220360818698	-0.21	0	0	0	63508	0	2
8.57220360818698	-0.21	8.70708118550993	-0.21	0	0	0	63508	0	2
8.70708118550993	-0.21	8.84195876283287	-0.21	0	0	0	63508	0	2
8.84195876283287	-0.21	8.97683634015582	-0.21	0	0	0	63508	0	2
8.97683634015582	-0.21	9.11171391747876	-0.21	0	0	0	63508	0	2
9.11171391747876	-0.21	9.24659149480171	-0.21	0	0	0	63508	0	2
9.24659149480171	-0.21	9.38146907212466	-0.21	0	0	0	63508	0	2
9.38146907212466	-0.21	9.5163466494476	-0.21	0	0	0	63508	0	2
9.5163466494476	-0.21	9.65122422677055	-0.21	0	0	0	63508	0	2
9.65122422677055	-0.21	9.78610180409349	-0.21	0	0	0	63508	0	2
9.78610180409349	-0.21	9.92097938141644	-0.21	0	0	0	63508	0	2
9.92097938141644	-0.21	10.0558569587394	-0.21	0	0	0	63508	0	2
10.0558569587394	-0.21	10.1907345360623	-0.21	0	0	0	63508	0	2
10.1907345360623	-0.21	10.3256121133853	-0.21	0	0	0	63508	0	2
10.3256121133853	-0.21	10.4604896907082	-0.21	0	0	0	63508	0	2
10.4604896907082	-0.21	10.5953672680312	-0.21	0	0	0	63508	0	2
10.5953672680312	-0.21	10.7302448453541	-0.21	0	0	0	63508	0	2
10.7302448453541	-0.21	10.8651224226771	-0.21	0	0	0	63508	0	2
10.8651224226771	-0.21	11	-0.21	0	0	0	63508	0	2
-11	-0.7075	-10.8690925913909	-0.7075	0	0	0	190271000	0	3
-10.8690925913909	-0.7075	-10.7381851827817	-0.7075	0	0	0	190271000	0	3
-10.7381851827817	-0.7075	-10.6072777741726	-0.7075	0	0	0	190271000	0	3
-10.6072777741726	-0.7075	-10.4763703655634	-0.7075	0	0	0	190271000	0	3
-10.4763703655634	-0.7075	-10.3454629569543	-0.7075	0	0	0	190271000	0	3
-10.3454629569543	-0.7075	-10.2145555483451	-0.7075	0	0	0	190271000	0	3
-10.2145555483451	-0.7075	-10.083648139736	-0.7075	0	0	0	190271000	0	3
-10.083648139736	-0.7075	-9.95274073112686	-0.7075	0	0	0	190271000	0	3
-9.95274073112686	-0.7075	-9.82183332251771	-0.7075	0	0	0	190271000	0	3
-9.82183332251771	-0.7075	-9.69092591390857	-0.7075	0	0	0	190271000	0	3
-9.69092591390857	-0.7075	-9.56001850529943	-0.7075	0	0	0	190271000	0	3
-9.56001850529943	-0.7075	-9.42911109669028	-0.7075	0	0	0	190271000	0	3
-9.42911109669028	-0.7075	-9.29820368808114	-0.7075	0	0	0	190271000	0	3
-9.29820368808114	-0.7075	-9.167296279472	-0.7075	0	0	0	190271000	0	3
-9.167296279472	-0.7075	-9.03638887086285	-0.7075	0	0	0	190271000	0	3
-8.50553222978546	-0.7075	-8.3710113178559	-0.7075	0	0	0	190271	0	4
-8.3710113178559	-0.7075	-8.23649040592635	-0.7075	0	0	0	190271	0	4
-8.23649040592635	-0.7075	-8.10196949399679	-0.7075	0	0	0	190271	0	4
-8.10196949399679	-0.7075	-7.96744858206724	-0.7075	0	0	0	190271	0	4
-7.96744858206724	-0.7075	-7.83292767013768	-0.7075	0	0	0	190271	0	4
-7.83292767013768	-0.7075	-7.69840675820813	-0.7075	0	0	0	190271	0	4
-7.69840675820813	-0.7075	-7.56388584627857	-0.7075	0	0	0	190271	0	4
-7.56388584627857	-0.7075	-7.42936493434902	-0.7075	0	0	0	190271	0	4
-7.42936493434902	-0.7075	-7.29484402241946	-0.7075	0	0	0	190271	0	4
-7.29484402241946	-0.7075	-7.16032311048991	-0.7075	0	0	0	190271	0	4
-7.16032311048991	-0.7075	-7.02580219856035	-0.7075	0	0	0	190271	0	4
-7.02580219856035	-0.7075	-6.8912812866308	-0.7075	0	0	0	190271	0	4
-6.8912812866308	-0.7075	-6.75676037470124	-0.7075	0	0	0	190271	0	4
-6.75676037470124	-0.7075	-6.62223946277169	-0.7075	0	0	0	190271	0	4
-6.62223946277169	-0.7075	-6.48771855084213	-0.7075	0	0	0	190271	0	4
-6.48771855084213	-0.7075	-6.35319763891258	-0.7075	0	0	0	190271	0	4
-6.35319763891258	-0.7075	-6.21867672698303	-0.7075	0	0	0	190271	0	4
-6.21867672698303	-0.7075	-6.08415581505347	-0.7075	0	0	0	190271	0	4
-6.08415581505347	-0.7075	-5.94963490312391	-0.7075	0	0	0	190271	0	4
-5.94963490312391	-0.7075	-5.81511399119436	-0.7075	0	0	0	190271	0	4
-5.81511399119436	-0.7075	-5.68059307926481	-0.7075	0	0	0	190271	0	4
-5.68059307926481	-0.7075	-5.54607216733525	-0.7075	0	0	0	190271	0	4
-5.54607216733525	-0.7075	-5.4115512554057	-0.7075	0	0	0	190271	0	4
-5.4115512554057	-0.7075	-5.27703034347614	-0.7075	0	0	0	190271	0	4
-5.27703034347614	-0.7075	-5.14250943154659	-0.7075	0	0	0	190271	0	4
-5.14250943154659	-0.7075	-5.00798851961703	-0.7075	0	0	0	190271	0	4
-5.00798851961703	-0.7075	-4.87346760768748	-0.7075	0	0	0	190271	0	4
-4.87346760768748	-0.7075	-4.73894669575792	-0.7075	0	0	0	190271	0	4
-4.73894669575792	-0.7075	-4.60442578382837	-0.7075	0	0	0	190271	0	4
-4.60442578382837	-0.7075	-4.46990487189881	-0.7075	0	0	0	190271	0	4
-4.46990487189881	-0.7075	-4.33538395996926	-0.7075	0	0	0	190271	0	4
-4.33538395996926	-0.7075	-4.2008630480397	-0.7075	0	0	0	190271	0	4
-4.2008630480397	-0.7075	-4.06634213611015	-0.7075	0	0	0	190271	0	4
-4.06634213611015	-0.7075	-3.93182122418059	-0.7075	0	0	0	190271	0	4
-3.93182122418059	-0.7075	-3.79730031225104	-0.7075	0	0	0	190271	0	4
-3.79730031225104	-0.7075	-3.66277940032148	-0.7075	0	0	0	190271	0	4
-3.66277940032148	-0.7075	-3.52825848839193	-0.7075	0	0	0	190271	0	4
-3.52825848839193	-0.7075	-3.39373757646237	-0.7075	0	0	0	190271	0	4
-3.39373757646237	-0.7075	-3.25921666453282	-0.7075	0	0	0	190271	0	4
-3.25921666453282	-0.7075	-3.12469575260326	-0.7075	0	0	0	190271	0	4
-3.12469575260326	-0.7075	-2.99017484067371	-0.7075	0	0	0	190271	0	4
-2.99017484067371	-0.7075	-2.85565392874415	-0.7075	0	0	0	190271	0	4
-2.85565392874415	-0.7075	-2.7211330168146	-0.7075	0	0	0	190271	0	4
-2.7211330168146	-0.7075	-2.58661210488504	-0.7075	0	0	0	190271	0	4
-2.58661210488504	-0.7075	-2.45209119295549	-0.7075	0	0	0	190271	0	4
-2.45209119295549	-0.7075	-2.31757028102593	-0.7075	0	0	0	190271	0	4
-2.31757028102593	-0.7075	-2.18304936909638	-0.7075	0	0	0	190271	0	4
-2.18304936909638	-0.7075	-2.04852845716682	-0.7075	0	0	0	190271	0	4
-2.04852845716682	-0.7075	-1.91400754523727	-0.7075	0	0	0	190271	0	4
-1.91400754523727	-0.7075	-1.77948663330771	-0.7075	0	0	0	190271	0	4
-1.77948663330771	-0.7075	-1.64496572137816	-0.7075	0	0	0	190271	0	4
-1.64496572137816	-0.7075	-1.5104448094486	-0.7075	0	0	0	190271	0	4
-1.5104448094486	-0.7075	-1.37592389751905	-0.7075	0	0	0	190271	0	4
-1.37592389751905	-0.7075	-1.24140298558949	-0.7075	0	0	0	190271	0	4
-1.24140298558949	-0.7075	-1.10688207365994	-0.7075	0	0	0	190271	0	4
-1.10688207365994	-0.7075	-0.972361161730385	-0.7075	0	0	0	190271	0	4
-0.972361161730385	-0.7075	-0.83784024980083	-0.7075	0	0	0	190271	0	4
-0.83784024980083	-0.7075	-0.703319337871275	-0.7075	0	0	0	190271	0	4
-0.703319337871275	-0.7075	-0.56879842594172	-0.7075	0	0	0	190271	0	4
-0.56879842594172	-0.7075	-0.434277514012166	-0.7075	0	0	0	190271	0	4
-0.434277514012166	-0.7075	-0.29975660208261	-0.7075	0	0	0	190271	0	4
-0.29975660208261	-0.7075	-0.165235690153056	-0.7075	0	0	0	190271	0	4
-0.165235690153056	-0.7075	-0.0307147782235013	-0.7075	0	0	0	190271	0	4
-0.0307147782235013	-0.7075	0.103806133706055	-0.7075	0	0	0	190271	0	4
0.103806133706055	-0.7075	0.238327045635609	-0.7075	0	0	0	190271	0	4
0.238327045635609	-0.7075	0.372847957565163	-0.7075	0	0	0	190271	0	4
0.372847957565163	-0.7075	0.507368869494719	-0.7075	0	0	0	190271	0	4
0.507368869494719	-0.7075	0.641889781424274	-0.7075	0	0	0	190271	0	4
0.641889781424274	-0.7075	0.776410693353828	-0.7075	0	0	0	190271	0	4
0.776410693353828	-0.7075	0.910931605283384	-0.7075	0	0	0	190271	0	4
0.910931605283384	-0.7075	1.04545251721294	-0.7075	0	0	0	190271	0	4
1.04545251721294	-0.7075	1.17997342914249	-0.7075	0	0	0	190271	0	4
1.17997342914249	-0.7075	1.31449434107205	-0.7075	0	0	0	190271	0	4
1.31449434107205	-0.7075	1.4490152530016	-0.7075	0	0	0	190271	0	4
1.4490152530016	-0.7075	1.58353616493116	-0.7075	0	0	0	190271	0	4
1.58353616493116	-0.7075	1.71805707686071	-0.7075	0	0	0	190271	0	4
1.71805707686071	-0.7075	1.85257798879027	-0.7075	0	0	0	190271	0	4
1.85257798879027	-0.7075	1.98709890071982	-0.7075	0	0	0	190271	0	4
1.98709890071982	-0.7075	2.12161981264938	-0.7075	0	0	0	190271	0	4
2.12161981264938	-0.7075	2.25614072457893	-0.7075	0	0	0	190271	0	4
2.25614072457893	-0.7075	2.39066163650849	-0.7075	0	0	0	190271	0	4
2.39066163650849	-0.7075	2.52518254843804	-0.7075	0	0	0	190271	0	4
2.52518254843804	-0.7075	2.6597034603676	-0.7075	0	0	0	190271	0	4
2.6597034603676	-0.7075	2.79422437229715	-0.7075	0	0	0	190271	0	4
2.79422437229715	-0.7075	2.92874528422671	-0.7075	0	0	0	190271	0	4
2.92874528422671	-0.7075	3.06326619615626	-0.7075	0	0	0	190271	0	4
3.06326619615626	-0.7075	3.19778710808582	-0.7075	0	0	0	190271	0	4
3.19778710808582	-0.7075	3.33230802001537	-0.7075	0	0	0	190271	0	4
3.33230802001537	-0.7075	3.46682893194493	-0.7075	0	0	0	190271	0	4
3.46682893194493	-0.7075	3.60134984387448	-0.7075	0	0	0	190271	0	4
3.60134984387448	-0.7075	3.73587075580404	-0.7075	0	0	0	190271	0	4
3.73587075580404	-0.7075	3.87039166773359	-0.7075	0	0	0	190271	0	4
3.87039166773359	-0.7075	4.00491257966315	-0.7075	0	0	0	190271	0	4
4.00491257966315	-0.7075	4.1394334915927	-0.7075	0	0	0	190271	0	4
4.1394334915927	-0.7075	4.27395440352226	-0.7075	0	0	0	190271	0	4
4.27395440352226	-0.7075	4.40847531545181	-0.7075	0	0	0	190271	0	4
4.40847531545181	-0.7075	4.54299622738137	-0.7075	0	0	0	190271	0	4
4.54299622738137	-0.7075	4.67751713931092	-0.7075	0	0	0	190271	0	4
4.67751713931092	-0.7075	4.81203805124048	-0.7075	0	0	0	190271	0	4
4.81203805124048	-0.7075	4.94655896317003	-0.7075	0	0	0	190271	0	4
4.94655896317003	-0.7075	5.08107987509959	-0.7075	0	0	0	190271	0	4
5.08107987509959	-0.7075	5.21560078702914	-0.7075	0	0	0	190271	0	4
5.21560078702914	-0.7075	5.3501216989587	-0.7075	0	0	0	190271	0	4
5.3501216989587	-0.7075	5.48464261088825	-0.7075	0	0	0	190271	0	4
5.48464261088825	-0.7075	5.61916352281781	-0.7075	0	0	0	190271	0	4
5.61916352281781	-0.7075	5.75368443474736	-0.7075	0	0	0	190271	0	4
5.75368443474736	-0.7075	5.88820534667691	-0.7075	0	0	0	190271	0	4
5.88820534667691	-0.7075	6.02272625860647	-0.7075	0	0	0	190271	0	4
6.02272625860647	-0.7075	6.15724717053602	-0.7075	0	0	0	190271	0	4
6.15724717053602	-0.7075	6.29176808246558	-0.7075	0	0	0	190271	0	4
6.29176808246558	-0.7075	6.42628899439513	-0.7075	0	0	0	190271	0	4
6.42628899439513	-0.7075	6.56080990632469	-0.7075	0	0	0	190271	0	4
6.56080990632469	-0.7075	6.69533081825424	-0.7075	0	0	0	190271	0	4
6.69533081825424	-0.7075	6.8298517301838	-0.7075	0	0	0	190271	0	4
6.8298517301838	-0.7075	6.96437264211335	-0.7075	0	0	0	190271	0	4
6.96437264211335	-0.7075	7.09889355404291	-0.7075	0	0	0	190271	0	4
7.09889355404291	-0.7075	7.23341446597246	-0.7075	0	0	0	190271	0	4
7.23341446597246	-0.7075	7.36793537790202	-0.7075	0	0	0	190271	0	4
7.36793537790202	-0.7075	7.50245628983157	-0.7075	0	0	0	190271	0	4
7.50245628983157	-0.7075	7.63697720176113	-0.7075	0	0	0	190271	0	4
7.63697720176113	-0.7075	7.77149811369068	-0.7075	0	0	0	190271	0	4
7.77149811369068	-0.7075	7.90601902562024	-0.7075	0	0	0	190271	0	4
7.90601902562024	-0.7075	8.04053993754979	-0.7075	0	0	0	190271	0	4
8.04053993754979	-0.7075	8.17506084947935	-0.7075	0	0	0	190271	0	4
8.17506084947935	-0.7075	8.3095817614089	-0.7075	0	0	0	190271	0	4
8.3095817614089	-0.7075	8.44410267333846	-0.7075	0	0	0	190271	0	4
8.44410267333846	-0.7075	8.57862358526801	-0.7075	0	0	0	190271	0	4
8.57862358526801	-0.7075	8.71314449719757	-0.7075	0	0	0	190271	0	4
8.71314449719757	-0.7075	8.84766540912712	-0.7075	0	0	0	190271	0	4
8.84766540912712	-0.7075	8.98218632105668	-0.7075	0	0	0	190271	0	4
8.98218632105668	-0.7075	9.11670723298623	-0.7075	0	0	0	190271	0	4
9.11670723298623	-0.7075	9.25122814491579	-0.7075	0	0	0	190271	0	4
9.25122814491579	-0.7075	9.38574905684534	-0.7075	0	0	0	190271	0	4
9.38574905684534	-0.7075	9.5202699687749	-0.7075	0	0	0	190271	0	4
9.5202699687749	-0.7075	9.65479088070445	-0.7075	0	0	0	190271	0	4
9.65479088070445	-0.7075	9.78931179263401	-0.7075	0	0	0	190271	0	4
9.78931179263401	-0.7075	9.92383270456356	-0.7075	0	0	0	190271	0	4
9.92383270456356	-0.7075	10.0583536164931	-0.7075	0	0	0	190271	0	4
10.0583536164931	-0.7075	10.1928745284227	-0.7075	0	0	0	190271	0	4
10.1928745284227	-0.7075	10.3273954403522	-0.7075	0	0	0	190271	0	4
10.3273954403522	-0.7075	10.4619163522818	-0.7075	0	0	0	190271	0	4
10.4619163522818	-0.7075	10.5964372642113	-0.7075	0	0	0	190271	0	4
10.5964372642113	-0.7075	10.7309581761409	-0.7075	0	0	0	190271	0	4
10.7309581761409	-0.7075	10.8654790880704	-0.7075	0	0	0	190271	0	4
10.8654790880704	-0.7075	11	-0.7075	0	0	0	190271	0	4
-11	-1.205	-10.8657773381252	-1.205	0	0	0	317034000	0	5
-10.8657773381252	-1.205	-10.7315546762504	-1.205	0	0	0	317034000	0	5
-10.7315546762504	-1.205	-10.5973320143756	-1.205	0	0	0	317034000	0	5
-10.5973320143756	-1.205	-10.4631093525008	-1.205	0	0	0	317034000	0	5
-10.4631093525008	-1.205	-10.328886690626	-1.205	0	0	0	317034000	0	5
-10.328886690626	-1.205	-10.1946640287512	-1.205	0	0	0	317034000	0	5
-10.1946640287512	-1.205	-10.0604413668764	-1.205	0	0	0	317034000	0	5
-10.0604413668764	-1.205	-9.92621870500156	-1.205	0	0	0	317034000	0	5
-9.92621870500156	-1.205	-9.79199604312676	-1.205	0	0	0	317034000	0	5
-9.79199604312676	-1.205	-9.65777338125195	-1.205	0	0	0	317034000	0	5
-9.65777338125195	-1.205	-9.52355071937715	-1.205	0	0	0	317034000	0	5
-9.52355071937715	-1.205	-9.38932805750234	-1.205	0	0	0	317034000	0	5
-9.38932805750234	-1.205	-9.25510539562754	-1.205	0	0	0	317034000	0	5
-9.25510539562754	-1.205	-9.12088273375273	-1.205	0	0	0	317034000	0	5
-9.12088273375273	-1.205	-8.98666007187793	-1.205	0	0	0	317034000	0	5
-8.98666007187793	-1.205	-8.85243741000312	-1.205	0	0	0	317034000	0	5
-8.85243741000312	-1.205	-8.71821474812832	-1.205	0	0	0	317034000	0	5
-8.71821474812832	-1.205	-8.58399208625351	-1.205	0	0	0	317034000	0	5
-8.58399208625351	-1.205	-8.44976942437871	-1.205	0	0	0	317034000	0	5
-8.44976942437871	-1.205	-8.3155467625039	-1.205	0	0	0	317034000	0	5
-8.3155467625039	-1.205	-8.1813241006291	-1.205	0	0	0	317034000	0	5
-7.64461099281028	-1.205	-7.51047710077567	-1.205	0	0	0	317034	0	6
-7.51047710077567	-1.205	-7.37634320874106	-1.205	0	0	0	317034	0	6
-7.37634320874106	-1.205	-7.24220931670646	-1.205	0	0	0	317034	0	6
-7.24220931670646	-1.205	-7.10807542467185	-1.205	0	0	0	317034	0	6
-7.10807542467185	-1.205	-6.97394153263725	-1.205	0	0	0	317034	0	6
-6.97394153263725	-1.205	-6.83980764060264	-1.205	0	0	0	317034	0	6
-6.83980764060264	-1.205	-6.70567374856803	-1.205	0	0	0	317034	0	6
-6.70567374856803	-1.205	-6.57153985653343	-1.205	0	0	0	317034	0	6
-6.57153985653343	-1.205	-6.43740596449882	-1.205	0	0	0	317034	0	6
-6.43740596449882	-1.205	-6.30327207246421	-1.205	0	0	0	317034	0	6
-6.30327207246421	-1.205	-6.16913818042961	-1.205	0	0	0	317034	0	6
-6.16913818042961	-1.205	-6.035004288395	-1.205	0	0	0	317034	0	6
-6.035004288395	-1.205	-5.9008703963604	-1.205	0	0	0	317034	0	6
-5.9008703963604	-1.205	-5.76673650432579	-1.205	0	0	0	317034	0	6
-5.76673650432579	-1.205	-5.63260261229118	-1.205	0	0	0	317034	0	6
-5.63260261229118	-1.205	-5.49846872025658	-1.205	0	0	0	317034	0	6
-5.49846872025658	-1.205	-5.36433482822197	-1.205	0	0	0	317034	0	6
-5.36433482822197	-1.205	-5.23020093618736	-1.205	0	0	0	317034	0	6
-5.23020093618736	-1.205	-5.09606704415276	-1.205	0	0	0	317034	0	6
-5.09606704415276	-1.205	-4.96193315211815	-1.205	0	0	0	317034	0	6
-4.96193315211815	-1.205	-4.82779926008354	-1.205	0	0	0	317034	0	6
-4.82779926008354	-1.205	-4.69366536804894	-1.205	0	0	0	317034	0	6
-4.69366536804894	-1.205	-4.55953147601433	-1.205	0	0	0	317034	0	6
-4.55953147601433	-1.205	-4.42539758397973	-1.205	0	0	0	317034	0	6
-4.42539758397973	-1.205	-4.29126369194512	-1.205	0	0	0	317034	0	6
-4.29126369194512	-1.205	-4.15712979991051	-1.205	0	0	0	317034	0	6
-4.15712979991051	-1.205	-4.02299590787591	-1.205	0	0	0	317034	0	6
-4.02299590787591	-1.205	-3.8888620158413	-1.205	0	0	0	317034	0	6
-3.8888620158413	-1.205	-3.75472812380669	-1.205	0	0	0	317034	0	6
-3.75472812380669	-1.205	-3.62059423177209	-1.205	0	0	0	317034	0	6
-3.62059423177209	-1.205	-3.48646033973748	-1.205	0	0	0	317034	0	6
-3.48646033973748	-1.205	-3.35232644770288	-1.205	0	0	0	317034	0	6
-3.35232644770288	-1.205	-3.21819255566827	-1.205	0	0	0	317034	0	6
-3.21819255566827	-1.205	-3.08405866363366	-1.205	0	0	0	317034	0	6
-3.08405866363366	-1.205	-2.94992477159906	-1.205	0	0	0	317034	0	6
-2.94992477159906	-1.205	-2.81579087956445	-1.205	0	0	0	317034	0	6
-2.81579087956445	-1.205	-2.68165698752984	-1.205	0	0	0	317034	0	6
-2.68165698752984	-1.205	-2.54752309549524	-1.205	0	0	0	317034	0	6
-2.54752309549524	-1.205	-2.41338920346063	-1.205	0	0	0	317034	0	6
-2.41338920346063	-1.205	-2.27925531142603	-1.205	0	0	0	317034	0	6
-2.27925531142603	-1.205	-2.14512141939142	-1.205	0	0	0	317034	0	6
-2.14512141939142	-1.205	-2.01098752735681	-1.205	0	0	0	317034	0	6
-2.01098752735681	-1.205	-1.87685363532221	-1.205	0	0	0	317034	0	6
-1.87685363532221	-1.205	-1.7427197432876	-1.205	0	0	0	317034	0	6
-1.7427197432876	-1.205	-1.60858585125299	-1.205	0	0	0	317034	0	6
-1.60858585125299	-1.205	-1.47445195921839	-1.205	0	0	0	317034	0	6
-1.47445195921839	-1.205	-1.34031806718378	-1.205	0	0	0	317034	0	6
-1.34031806718378	-1.205	-1.20618417514917	-1.205	0	0	0	317034	0	6
-1.20618417514917	-1.205	-1.07205028311457	-1.205	0	0	0	317034	0	6
-1.07205028311457	-1.205	-0.937916391079963	-1.205	0	0	0	317034	0	6
-0.937916391079963	-1.205	-0.803782499045356	-1.205	0	0	0	317034	0	6
-0.803782499045356	-1.205	-0.66964860701075	-1.205	0	0	0	317034	0	6
-0.66964860701075	-1.205	-0.535514714976143	-1.205	0	0	0	317034	0	6
-0.535514714976143	-1.205	-0.401380822941537	-1.205	0	0	0	317034	0	6
-0.401380822941537	-1.205	-0.267246930906931	-1.205	0	0	0	317034	0	6
-0.267246930906931	-1.205	-0.133113038872325	-1.205	0	0	0	317034	0	6
-0.133113038872325	-1.205	0.00102085316228173	-1.205	0	0	0	317034	0	6
0.00102085316228173	-1.205	0.135154745196887	-1.205	0	0	0	317034	0	6
0.135154745196887	-1.205	0.269288637231494	-1.205	0	0	0	317034	0	6
0.269288637231494	-1.205	0.4034225292661	-1.205	0	0	0	317034	0	6
0.4034225292661	-1.205	0.537556421300707	-1.205	0	0	0	317034	0	6
0.537556421300707	-1.205	0.671690313335313	-1.205	0	0	0	317034	0	6
0.671690313335313	-1.205	0.80582420536992	-1.205	0	0	0	317034	0	6
0.80582420536992	-1.205	0.939958097404526	-1.205	0	0	0	317034	0	6
0.939958097404526	-1.205	1.07409198943913	-1.205	0	0	0	317034	0	6
1.07409198943913	-1.205	1.20822588147374	-1.205	0	0	0	317034	0	6
1.20822588147374	-1.205	1.34235977350835	-1.205	0	0	0	317034	0	6
1.34235977350835	-1.205	1.47649366554295	-1.205	0	0	0	317034	0	6
1.47649366554295	-1.205	1.61062755757756	-1.205	0	0	0	317034	0	6
1.61062755757756	-1.205	1.74476144961216	-1.205	0	0	0	317034	0	6
1.74476144961216	-1.205	1.87889534164677	-1.205	0	0	0	317034	0	6
1.87889534164677	-1.205	2.01302923368138	-1.205	0	0	0	317034	0	6
2.01302923368138	-1.205	2.14716312571598	-1.205	0	0	0	317034	0	6
2.14716312571598	-1.205	2.28129701775059	-1.205	0	0	0	317034	0	6
2.28129701775059	-1.205	2.4154309097852	-1.205	0	0	0	317034	0	6
2.4154309097852	-1.205	2.5495648018198	-1.205	0	0	0	317034	0	6
2.5495648018198	-1.205	2.68369869385441	-1.205	0	0	0	317034	0	6
2.68369869385441	-1.205	2.81783258588902	-1.205	0	0	0	317034	0	6
2.81783258588902	-1.205	2.95196647792362	-1.205	0	0	0	317034	0	6
2.95196647792362	-1.205	3.08610036995823	-1.205	0	0	0	317034	0	6
3.08610036995823	-1.205	3.22023426199284	-1.205	0	0	0	317034	0	6
3.22023426199284	-1.205	3.35436815402744	-1.205	0	0	0	317034	0	6
3.35436815402744	-1.205	3.48850204606205	-1.205	0	0	0	317034	0	6
3.48850204606205	-1.205	3.62263593809665	-1.205	0	0	0	317034	0	6
3.62263593809665	-1.205	3.75676983013126	-1.205	0	0	0	317034	0	6
3.75676983013126	-1.205	3.89090372216587	-1.205	0	0	0	317034	0	6
3.89090372216587	-1.205	4.02503761420047	-1.205	0	0	0	317034	0	6
4.02503761420047	-1.205	4.15917150623508	-1.205	0	0	0	317034	0	6
4.15917150623508	-1.205	4.29330539826968	-1.205	0	0	0	317034	0	6
4.29330539826968	-1.205	4.42743929030429	-1.205	0	0	0	317034	0	6
4.42743929030429	-1.205	4.5615731823389	-1.205	0	0	0	317034	0	6
4.5615731823389	-1.205	4.6957070743735	-1.205	0	0	0	317034	0	6
4.6957070743735	-1.205	4.82984096640811	-1.205	0	0	0	317034	0	6
4.82984096640811	-1.205	4.96397485844272	-1.205	0	0	0	317034	0	6
4.96397485844272	-1.205	5.09810875047732	-1.205	0	0	0	317034	0	6
5.09810875047732	-1.205	5.23224264251193	-1.205	0	0	0	317034	0	6
5.23224264251193	-1.205	5.36637653454654	-1.205	0	0	0	317034	0	6
5.36637653454654	-1.205	5.50051042658114	-1.205	0	0	0	317034	0	6
5.50051042658114	-1.205	5.63464431861575	-1.205	0	0	0	317034	0	6
5.63464431861575	-1.205	5.76877821065035	-1.205	0	0	0	317034	0	6
5.76877821065035	-1.205	5.90291210268496	-1.205	0	0	0	317034	0	6
5.90291210268496	-1.205	6.03704599471957	-1.205	0	0	0	317034	0	6
6.03704599471957	-1.205	6.17117988675417	-1.205	0	0	0	317034	0	6
6.17117988675417	-1.205	6.30531377878878	-1.205	0	0	0	317034	0	6
6.30531377878878	-1.205	6.43944767082339	-1.205	0	0	0	317034	0	6
6.43944767082339	-1.205	6.57358156285799	-1.205	0	0	0	317034	0	6
6.57358156285799	-1.205	6.7077154548926	-1.205	0	0	0	317034	0	6
6.7077154548926	-1.205	6.84184934692721	-1.205	0	0	0	317034	0	6
6.84184934692721	-1.205	6.97598323896181	-1.205	0	0	0	317034	0	6
6.97598323896181	-1.205	7.11011713099642	-1.205	0	0	0	317034	0	6
7.11011713099642	-1.205	7.24425102303102	-1.205	0	0	0	317034	0	6
7.24425102303102	-1.205	7.37838491506563	-1.205	0	0	0	317034	0	6
7.37838491506563	-1.205	7.51251880710024	-1.205	0	0	0	317034	0	6
7.51251880710024	-1.205	7.64665269913484	-1.205	0	0	0	317034	0	6
7.64665269913484	-1.205	7.78078659116945	-1.205	0	0	0	317034	0	6
7.78078659116945	-1.205	7.91492048320405	-1.205	0	0	0	317034	0	6
7.91492048320405	-1.205	8.04905437523866	-1.205	0	0	0	317034	0	6
8.04905437523866	-1.205	8.18318826727327	-1.205	0	0	0	317034	0	6
8.18318826727327	-1.205	8.31732215930787	-1.205	0	0	0	317034	0	6
8.31732215930787	-1.205	8.45145605134248	-1.205	0	0	0	317034	0	6
8.45145605134248	-1.205	8.58558994337709	-1.205	0	0	0	317034	0	6
8.58558994337709	-1.205	8.71972383541169	-1.205	0	0	0	317034	0	6
8.71972383541169	-1.205	8.8538577274463	-1.205	0	0	0	317034	0	6
8.8538577274463	-1.205	8.9879916194809	-1.205	0	0	0	317034	0	6
8.9879916194809	-1.205	9.12212551151551	-1.205	0	0	0	317034	0	6
9.12212551151551	-1.205	9.25625940355012	-1.205	0	0	0	317034	0	6
9.25625940355012	-1.205	9.39039329558472	-1.205	0	0	0	317034	0	6
9.39039329558472	-1.205	9.52452718761933	-1.205	0	0	0	317034	0	6
9.52452718761933	-1.205	9.65866107965394	-1.205	0	0	0	317034	0	6
9.65866107965394	-1.205	9.79279497168854	-1.205	0	0	0	317034	0	6
9.79279497168854	-1.205	9.92692886372315	-1.205	0	0	0	317034	0	6
9.92692886372315	-1.205	10.0610627557578	-1.205	0	0	0	317034	0	6
10.0610627557578	-1.205	10.1951966477924	-1.205	0	0	0	317034	0	6
10.1951966477924	-1.205	10.329330539827	-1.205	0	0	0	317034	0	6
10.329330539827	-1.205	10.4634644318616	-1.205	0	0	0	317034	0	6
10.4634644318616	-1.205	10.5975983238962	-1.205	0	0	0	317034	0	6
10.5975983238962	-1.205	10.7317322159308	-1.205	0	0	0	317034	0	6
10.7317322159308	-1.205	10.8658661079654	-1.205	0	0	0	317034	0	6
10.8658661079654	-1.205	11	-1.205	0	0	0	317034	0	6
-11	-1.7025	-10.8683484718059	-1.7025	0	0	0	443797000	0	7
-10.8683484718059	-1.7025	-10.7366969436119	-1.7025	0	0	0	443797000	0	7
-10.7366969436119	-1.7025	-10.6050454154178	-1.7025	0	0	0	443797000	0	7
-10.6050454154178	-1.7025	-10.4733938872238	-1.7025	0	0	0	443797000	0	7
-10.4733938872238	-1.7025	-10.3417423590297	-1.7025	0	0	0	443797000	0	7
-10.3417423590297	-1.7025	-10.2100908308356	-1.7025	0	0	0	443797000	0	7
-10.2100908308356	-1.7025	-10.0784393026416	-1.7025	0	0	0	443797000	0	7
-10.0784393026416	-1.7025	-9.94678777444752	-1.7025	0	0	0	443797000	0	7
-9.94678777444752	-1.7025	-9.81513624625346	-1.7025	0	0	0	443797000	0	7
-9.81513624625346	-1.7025	-9.6834847180594	-1.7025	0	0	0	443797000	0	7
-9.6834847180594	-1.7025	-9.55183318986534	-1.7025	0	0	0	443797000	0	7
-9.55183318986534	-1.7025	-9.42018166167128	-1.7025	0	0	0	443797000	0	7
-9.42018166167128	-1.7025	-9.28853013347722	-1.7025	0	0	0	443797000	0	7
-9.28853013347722	-1.7025	-9.15687860528316	-1.7025	0	0	0	443797000	0	7
-9.15687860528316	-1.7025	-9.0252270770891	-1.7025	0	0	0	443797000	0	7
-9.0252270770891	-1.7025	-8.89357554889504	-1.7025	0	0	0	443797000	0	7
-8.89357554889504	-1.7025	-8.76192402070098	-1.7025	0	0	0	443797000	0	7
-8.76192402070098	-1.7025	-8.63027249250692	-1.7025	0	0	0	443797000	0	7
-8.63027249250692	-1.7025	-8.49862096431286	-1.7025	0	0	0	443797000	0	7
-8.49862096431286	-1.7025	-8.3669694361188	-1.7025	0	0	0	443797000	0	7
-8.3669694361188	-1.7025	-8.23531790792474	-1.7025	0	0	0	443797000	0	7
-8.23531790792474	-1.7025	-8.10366637973068	-1.7025	0	0	0	443797000	0	7
-8.10366637973068	-1.7025	-7.97201485153662	-1.7025	0	0	0	443797000	0	7
-7.97201485153662	-1.7025	-7.84036332334256	-1.7025	0	0	0	443797000	0	7
-7.84036332334256	-1.7025	-7.7087117951485	-1.7025	0	0	0	443797000	0	7
-7.7087117951485	-1.7025	-7.57706026695444	-1.7025	0	0	0	443797000	0	7
-7.57706026695444	-1.7025	-7.44540873876038	-1.7025	0	0	0	443797000	0	7
-7.44540873876038	-1.7025	-7.31375721056632	-1.7025	0	0	0	443797000	0	7
-6.781044390683	-1.7025	-6.64633950893541	-1.7025	0	0	0	443797	0	8
-6.64633950893541	-1.7025	-6.51163462718781	-1.7025	0	0	0	443797	0	8
-6.51163462718781	-1.7025	-6.37692974544021	-1.7025	0	0	0	443797	0	8
-6.37692974544021	-1.7025	-6.24222486369261	-1.7025	0	0	0	443797	0	8
-6.24222486369261	-1.7025	-6.10751998194501	-1.7025	0	0	0	443797	0	8
-6.10751998194501	-1.7025	-5.97281510019741	-1.7025	0	0	0	443797	0	8
-5.97281510019741	-1.7025	-5.83811021844982	-1.7025	0	0	0	443797	0	8
-5.83811021844982	-1.7025	-5.70340533670222	-1.7025	0	0	0	443797	0	8
-5.70340533670222	-1.7025	-5.56870045495462	-1.7025	0	0	0	443797	0	8
-5.56870045495462	-1.7025	-5.43399557320702	-1.7025	0	0	0	443797	0	8
-5.43399557320702	-1.7025	-5.29929069145942	-1.7025	0	0	0	443797	0	8
-5.29929069145942	-1.7025	-5.16458580971182	-1.7025	0	0	0	443797	0	8
-5.16458580971182	-1.7025	-5.02988092796422	-1.7025	0	0	0	443797	0	8
-5.02988092796422	-1.7025	-4.89517604621663	-1.7025	0	0	0	443797	0	8
-4.89517604621663	-1.7025	-4.76047116446903	-1.7025	0	0	0	443797	0	8
-4.76047116446903	-1.7025	-4.62576628272143	-1.7025	0	0	0	443797	0	8
-4.62576628272143	-1.7025	-4.49106140097383	-1.7025	0	0	0	443797	0	8
-4.49106140097383	-1.7025	-4.35635651922623	-1.7025	0	0	0	443797	0	8
-4.35635651922623	-1.7025	-4.22165163747863	-1.7025	0	0	0	443797	0	8
-4.22165163747863	-1.7025	-4.08694675573103	-1.7025	0	0	0	443797	0	8
-4.08694675573103	-1.7025	-3.95224187398344	-1.7025	0	0	0	443797	0	8
-3.95224187398344	-1.7025	-3.81753699223584	-1.7025	0	0	0	443797	0	8
-3.81753699223584	-1.7025	-3.68283211048824	-1.7025	0	0	0	443797	0	8
-3.68283211048824	-1.7025	-3.54812722874064	-1.7025	0	0	0	443797	0	8
-3.54812722874064	-1.7025	-3.41342234699304	-1.7025	0	0	0	443797	0	8
-3.41342234699304	-1.7025	-3.27871746524544	-1.7025	0	0	0	443797	0	8
-3.27871746524544	-1.7025	-3.14401258349785	-1.7025	0	0	0	443797	0	8
-3.14401258349785	-1.7025	-3.00930770175025	-1.7025	0	0	0	443797	0	8
-3.00930770175025	-1.7025	-2.87460282000265	-1.7025	0	0	0	443797	0	8
-2.87460282000265	-1.7025	-2.73989793825505	-1.7025	0	0	0	443797	0	8
-2.73989793825505	-1.7025	-2.60519305650745	-1.7025	0	0	0	443797	0	8
-2.60519305650745	-1.7025	-2.47048817475985	-1.7025	0	0	0	443797	0	8
-2.47048817475985	-1.7025	-2.33578329301225	-1.7025	0	0	0	443797	0	8
-2.33578329301225	-1.7025	-2.20107841126466	-1.7025	0	0	0	443797	0	8
-2.20107841126466	-1.7025	-2.06637352951706	-1.7025	0	0	0	443797	0	8
-2.06637352951706	-1.7025	-1.93166864776946	-1.7025	0	0	0	443797	0	8
-1.93166864776946	-1.7025	-1.79696376602186	-1.7025	0	0	0	443797	0	8
-1.79696376602186	-1.7025	-1.66225888427426	-1.7025	0	0	0	443797	0	8
-1.66225888427426	-1.7025	-1.52755400252666	-1.7025	0	0	0	443797	0	8
-1.52755400252666	-1.7025	-1.39284912077906	-1.7025	0	0	0	443797	0	8
-1.39284912077906	-1.7025	-1.25814423903147	-1.7025	0	0	0	443797	0	8
-1.25814423903147	-1.7025	-1.12343935728387	-1.7025	0	0	0	443797	0	8
-1.12343935728387	-1.7025	-0.988734475536269	-1.7025	0	0	0	443797	0	8
-0.988734475536269	-1.7025	-0.85402959378867	-1.7025	0	0	0	443797	0	8
-0.85402959378867	-1.7025	-0.719324712041072	-1.7025	0	0	0	443797	0	8
-0.719324712041072	-1.7025	-0.584619830293474	-1.7025	0	0	0	443797	0	8
-0.584619830293474	-1.7025	-0.449914948545875	-1.7025	0	0	0	443797	0	8
-0.449914948545875	-1.7025	-0.315210066798277	-1.7025	0	0	0	443797	0	8
-0.315210066798277	-1.7025	-0.180505185050678	-1.7025	0	0	0	443797	0	8
-0.180505185050678	-1.7025	-0.0458003033030794	-1.7025	0	0	0	443797	0	8
-0.0458003033030794	-1.7025	0.0889045784445193	-1.7025	0	0	0	443797	0	8
0.0889045784445193	-1.7025	0.223609460192118	-1.7025	0	0	0	443797	0	8
0.223609460192118	-1.7025	0.358314341939716	-1.7025	0	0	0	443797	0	8
0.358314341939716	-1.7025	0.493019223687314	-1.7025	0	0	0	443797	0	8
0.493019223687314	-1.7025	0.627724105434913	-1.7025	0	0	0	443797	0	8
0.627724105434913	-1.7025	0.762428987182512	-1.7025	0	0	0	443797	0	8
0.762428987182512	-1.7025	0.89713386893011	-1.7025	0	0	0	443797	0	8
0.89713386893011	-1.7025	1.03183875067771	-1.7025	0	0	0	443797	0	8
1.03183875067771	-1.7025	1.16654363242531	-1.7025	0	0	0	443797	0	8
1.16654363242531	-1.7025	1.30124851417291	-1.7025	0	0	0	443797	0	8
1.30124851417291	-1.7025	1.4359533959205	-1.7025	0	0	0	443797	0	8
1.4359533959205	-1.7025	1.5706582776681	-1.7025	0	0	0	443797	0	8
1.5706582776681	-1.7025	1.7053631594157	-1.7025	0	0	0	443797	0	8
1.7053631594157	-1.7025	1.8400680411633	-1.7025	0	0	0	443797	0	8
1.8400680411633	-1.7025	1.9747729229109	-1.7025	0	0	0	443797	0	8
1.9747729229109	-1.7025	2.1094778046585	-1.7025	0	0	0	443797	0	8
2.1094778046585	-1.7025	2.2441826864061	-1.7025	0	0	0	443797	0	8
2.2441826864061	-1.7025	2.3788875681537	-1.7025	0	0	0	443797	0	8
2.3788875681537	-1.7025	2.51359244990129	-1.7025	0	0	0	443797	0	8
2.51359244990129	-1.7025	2.64829733164889	-1.7025	0	0	0	443797	0	8
2.64829733164889	-1.7025	2.78300221339649	-1.7025	0	0	0	443797	0	8
2.78300221339649	-1.7025	2.91770709514409	-1.7025	0	0	0	443797	0	8
2.91770709514409	-1.7025	3.05241197689169	-1.7025	0	0	0	443797	0	8
3.05241197689169	-1.7025	3.18711685863929	-1.7025	0	0	0	443797	0	8
3.18711685863929	-1.7025	3.32182174038689	-1.7025	0	0	0	443797	0	8
3.32182174038689	-1.7025	3.45652662213448	-1.7025	0	0	0	443797	0	8
3.45652662213448	-1.7025	3.59123150388208	-1.7025	0	0	0	443797	0	8
3.59123150388208	-1.7025	3.72593638562968	-1.7025	0	0	0	443797	0	8
3.72593638562968	-1.7025	3.86064126737728	-1.7025	0	0	0	443797	0	8
3.86064126737728	-1.7025	3.99534614912488	-1.7025	0	0	0	443797	0	8
3.99534614912488	-1.7025	4.13005103087248	-1.7025	0	0	0	443797	0	8
4.13005103087248	-1.7025	4.26475591262007	-1.7025	0	0	0	443797	0	8
4.26475591262007	-1.7025	4.39946079436767	-1.7025	0	0	0	443797	0	8
4.39946079436767	-1.7025	4.53416567611527	-1.7025	0	0	0	443797	0	8
4.53416567611527	-1.7025	4.66887055786287	-1.7025	0	0	0	443797	0	8
4.66887055786287	-1.7025	4.80357543961047	-1.7025	0	0	0	443797	0	8
4.80357543961047	-1.7025	4.93828032135807	-1.7025	0	0	0	443797	0	8
4.93828032135807	-1.7025	5.07298520310567	-1.7025	0	0	0	443797	0	8
5.07298520310567	-1.7025	5.20769008485326	-1.7025	0	0	0	443797	0	8
5.20769008485326	-1.7025	5.34239496660086	-1.7025	0	0	0	443797	0	8
5.34239496660086	-1.7025	5.47709984834846	-1.7025	0	0	0	443797	0	8
5.47709984834846	-1.7025	5.61180473009606	-1.7025	0	0	0	443797	0	8
5.61180473009606	-1.7025	5.74650961184366	-1.7025	0	0	0	443797	0	8
5.74650961184366	-1.7025	5.88121449359126	-1.7025	0	0	0	443797	0	8
5.88121449359126	-1.7025	6.01591937533886	-1.7025	0	0	0	443797	0	8
6.01591937533886	-1.7025	6.15062425708645	-1.7025	0	0	0	443797	0	8
6.15062425708645	-1.7025	6.28532913883405	-1.7025	0	0	0	443797	0	8
6.28532913883405	-1.7025	6.42003402058165	-1.7025	0	0	0	443797	0	8
6.42003402058165	-1.7025	6.55473890232925	-1.7025	0	0	0	443797	0	8
6.55473890232925	-1.7025	6.68944378407685	-1.7025	0	0	0	443797	0	8
6.68944378407685	-1.7025	6.82414866582445	-1.7025	0	0	0	443797	0	8
6.82414866582445	-1.7025	6.95885354757204	-1.7025	0	0	0	443797	0	8
6.95885354757204	-1.7025	7.09355842931964	-1.7025	0	0	0	443797	0	8
7.09355842931964	-1.7025	7.22826331106724	-1.7025	0	0	0	443797	0	8
7.22826331106724	-1.7025	7.36296819281484	-1.7025	0	0	0	443797	0	8
7.36296819281484	-1.7025	7.49767307456244	-1.7025	0	0	0	443797	0	8
7.49767307456244	-1.7025	7.63237795631004	-1.7025	0	0	0	443797	0	8
7.63237795631004	-1.7025	7.76708283805764	-1.7025	0	0	0	443797	0	8
7.76708283805764	-1.7025	7.90178771980523	-1.7025	0	0	0	443797	0	8
7.90178771980523	-1.7025	8.03649260155283	-1.7025	0	0	0	443797	0	8
8.03649260155283	-1.7025	8.17119748330043	-1.7025	0	0	0	443797	0	8
8.17119748330043	-1.7025	8.30590236504803	-1.7025	0	0	0	443797	0	8
8.30590236504803	-1.7025	8.44060724679563	-1.7025	0	0	0	443797	0	8
8.44060724679563	-1.7025	8.57531212854323	-1.7025	0	0	0	443797	0	8
8.57531212854323	-1.7025	8.71001701029082	-1.7025	0	0	0	443797	0	8
8.71001701029082	-1.7025	8.84472189203842	-1.7025	0	0	0	443797	0	8
8.84472189203842	-1.7025	8.97942677378602	-1.7025	0	0	0	443797	0	8
8.97942677378602	-1.7025	9.11413165553362	-1.7025	0	0	0	443797	0	8
9.11413165553362	-1.7025	9.24883653728122	-1.7025	0	0	0	443797	0	8
9.24883653728122	-1.7025	9.38354141902882	-1.7025	0	0	0	443797	0	8
9.38354141902882	-1.7025	9.51824630077642	-1.7025	0	0	0	443797	0	8
9.51824630077642	-1.7025	9.65295118252402	-1.7025	0	0	0	443797	0	8
9.65295118252402	-1.7025	9.78765606427161	-1.7025	0	0	0	443797	0	8
9.78765606427161	-1.7025	9.92236094601921	-1.7025	0	0	0	443797	0	8
9.92236094601921	-1.7025	10.0570658277668	-1.7025	0	0	0	443797	0	8
10.0570658277668	-1.7025	10.1917707095144	-1.7025	0	0	0	443797	0	8
10.1917707095144	-1.7025	10.326475591262	-1.7025	0	0	0	443797	0	8
10.326475591262	-1.7025	10.4611804730096	-1.7025	0	0	0	443797	0	8
10.4611804730096	-1.7025	10.5958853547572	-1.7025	0	0	0	443797	0	8
10.5958853547572	-1.7025	10.7305902365048	-1.7025	0	0	0	443797	0	8
10.7305902365048	-1.7025	10.8652951182524	-1.7025	0	0	0	443797	0	8
10.8652951182524	-1.7025	11	-1.7025	0	0	0	443797	0	8
-11	-2.2	-10.8651724930149	-2.2	0	0	0	570560000	0	9
-10.8651724930149	-2.2	-10.7303449860298	-2.2	0	0	0	570560000	0	9
-10.7303449860298	-2.2	-10.5955174790447	-2.2	0	0	0	570560000	0	9
-10.5955174790447	-2.2	-10.4606899720596	-2.2	0	0	0	570560000	0	9
-10.4606899720596	-2.2	-10.3258624650746	-2.2	0	0	0	570560000	0	9
-10.3258624650746	-2.2	-10.1910349580895	-2.2	0	0	0	570560000	0	9
-10.1910349580895	-2.2	-10.0562074511044	-2.2	0	0	0	570560000	0	9
-10.0562074511044	-2.2	-9.92137994411929	-2.2	0	0	0	570560000	0	9
-9.92137994411929	-2.2	-9.7865524371342	-2.2	0	0	0	570560000	0	9
-9.7865524371342	-2.2	-9.65172493014911	-2.2	0	0	0	570560000	0	9
-9.65172493014911	-2.2	-9.51689742316402	-2.2	0	0	0	570560000	0	9
-9.51689742316402	-2.2	-9.38206991617893	-2.2	0	0	0	570560000	0	9
-9.38206991617893	-2.2	-9.24724240919384	-2.2	0	0	0	570560000	0	9
-9.24724240919384	-2.2	-9.11241490220876	-2.2	0	0	0	570560000	0	9
-9.11241490220876	-2.2	-8.97758739522367	-2.2	0	0	0	570560000	0	9
-8.97758739522367	-2.2	-8.84275988823858	-2.2	0	0	0	570560000	0	9
-8.84275988823858	-2.2	-8.70793238125349	-2.2	0	0	0	570560000	0	9
-8.70793238125349	-2.2	-8.5731048742684	-2.2	0	0	0	570560000	0	9
-8.5731048742684	-2.2	-8.43827736728331	-2.2	0	0	0	570560000	0	9
-8.43827736728331	-2.2	-8.30344986029822	-2.2	0	0	0	570560000	0	9
-8.30344986029822	-2.2	-8.16862235331313	-2.2	0	0	0	570560000	0	9
-8.16862235331313	-2.2	-8.03379484632805	-2.2	0	0	0	570560000	0	9
-8.03379484632805	-2.2	-7.89896733934296	-2.2	0	0	0	570560000	0	9
-7.89896733934296	-2.2	-7.76413983235787	-2.2	0	0	0	570560000	0	9
-7.76413983235787	-2.2	-7.62931232537278	-2.2	0	0	0	570560000	0	9
-7.62931232537278	-2.2	-7.49448481838769	-2.2	0	0	0	570560000	0	9
-7.49448481838769	-2.2	-7.3596573114026	-2.2	0	0	0	570560000	0	9
-7.3596573114026	-2.2	-7.22482980441751	-2.2	0	0	0	570560000	0	9
-7.22482980441751	-2.2	-7.09000229743242	-2.2	0	0	0	570560000	0	9
-7.09000229743242	-2.2	-6.95517479044733	-2.2	0	0	0	570560000	0	9
-6.95517479044733	-2.2	-6.82034728346225	-2.2	0	0	0	570560000	0	9
-6.82034728346225	-2.2	-6.68551977647716	-2.2	0	0	0	570560000	0	9
-6.68551977647716	-2.2	-6.55069226949207	-2.2	0	0	0	570560000	0	9
-6.55069226949207	-2.2	-6.41586476250698	-2.2	0	0	0	570560000	0	9
-5.87830022121591	-2.2	-5.74434545755547	-2.2	0	0	0	570560	0	10
-5.74434545755547	-2.2	-5.61039069389503	-2.2	0	0	0	570560	0	10
-5.61039069389503	-2.2	-5.47643593023458	-2.2	0	0	0	570560	0	10
-5.47643593023458	-2.2	-5.34248116657414	-2.2	0	0	0	570560	0	10
-5.34248116657414	-2.2	-5.2085264029137	-2.2	0	0	0	570560	0	10
-5.2085264029137	-2.2	-5.07457163925325	-2.2	0	0	0	570560	0	10
-5.07457163925325	-2.2	-4.94061687559281	-2.2	0	0	0	570560	0	10
-4.94061687559281	-2.2	-4.80666211193236	-2.2	0	0	0	570560	0	10
-4.80666211193236	-2.2	-4.67270734827192	-2.2	0	0	0	570560	0	10
-4.67270734827192	-2.2	-4.53875258461148	-2.2	0	0	0	570560	0	10
-4.53875258461148	-2.2	-4.40479782095103	-2.2	0	0	0	570560	0	10
-4.40479782095103	-2.2	-4.27084305729059	-2.2	0	0	0	570560	0	10
-4.27084305729059	-2.2	-4.13688829363014	-2.2	0	0	0	570560	0	10
-4.13688829363014	-2.2	-4.0029335299697	-2.2	0	0	0	570560	0	10
-4.0029335299697	-2.2	-3.86897876630926	-2.2	0	0	0	570560	0	10
-3.86897876630926	-2.2	-3.73502400264881	-2.2	0	0	0	570560	0	10
-3.73502400264881	-2.2	-3.60106923898837	-2.2	0	0	0	570560	0	10
-3.60106923898837	-2.2	-3.46711447532793	-2.2	0	0	0	570560	0	10
-3.46711447532793	-2.2	-3.33315971166748	-2.2	0	0	0	570560	0	10
-3.33315971166748	-2.2	-3.19920494800704	-2.2	0	0	0	570560	0	10
-3.19920494800704	-2.2	-3.06525018434659	-2.2	0	0	0	570560	0	10
-3.06525018434659	-2.2	-2.93129542068615	-2.2	0	0	0	570560	0	10
-2.93129542068615	-2.2	-2.79734065702571	-2.2	0	0	0	570560	0	10
-2.79734065702571	-2.2	-2.66338589336526	-2.2	0	0	0	570560	0	10
-2.66338589336526	-2.2	-2.52943112970482	-2.2	0	0	0	570560	0	10
-2.52943112970482	-2.2	-2.39547636604438	-2.2	0	0	0	570560	0	10
-2.39547636604438	-2.2	-2.26152160238393	-2.2	0	0	0	570560	0	10
-2.26152160238393	-2.2	-2.12756683872349	-2.2	0	0	0	570560	0	10
-2.12756683872349	-2.2	-1.99361207506304	-2.2	0	0	0	570560	0	10
-1.99361207506304	-2.2	-1.8596573114026	-2.2	0	0	0	570560	0	10
-1.8596573114026	-2.2	-1.72570254774216	-2.2	0	0	0	570560	0	10
-1.72570254774216	-2.2	-1.59174778408171	-2.2	0	0	0	570560	0	10
-1.59174778408171	-2.2	-1.45779302042127	-2.2	0	0	0	570560	0	10
-1.45779302042127	-2.2	-1.32383825676083	-2.2	0	0	0	570560	0	10
-1.32383825676083	-2.2	-1.18988349310038	-2.2	0	0	0	570560	0	10
-1.18988349310038	-2.2	-1.05592872943994	-2.2	0	0	0	570560	0	10
-1.05592872943994	-2.2	-0.921973965779495	-2.2	0	0	0	570560	0	10
-0.921973965779495	-2.2	-0.788019202119051	-2.2	0	0	0	570560	0	10
-0.788019202119051	-2.2	-0.654064438458607	-2.2	0	0	0	570560	0	10
-0.654064438458607	-2.2	-0.520109674798164	-2.2	0	0	0	570560	0	10
-0.520109674798164	-2.2	-0.386154911137719	-2.2	0	0	0	570560	0	10
-0.386154911137719	-2.2	-0.252200147477276	-2.2	0	0	0	570560	0	10
-0.252200147477276	-2.2	-0.118245383816832	-2.2	0	0	0	570560	0	10
-0.118245383816832	-2.2	0.0157093798436119	-2.2	0	0	0	570560	0	10
0.0157093798436119	-2.2	0.149664143504055	-2.2	0	0	0	570560	0	10
0.149664143504055	-2.2	0.283618907164499	-2.2	0	0	0	570560	0	10
0.283618907164499	-2.2	0.417573670824943	-2.2	0	0	0	570560	0	10
0.417573670824943	-2.2	0.551528434485387	-2.2	0	0	0	570560	0	10
0.551528434485387	-2.2	0.685483198145831	-2.2	0	0	0	570560	0	10
0.685483198145831	-2.2	0.819437961806274	-2.2	0	0	0	570560	0	10
0.819437961806274	-2.2	0.953392725466718	-2.2	0	0	0	570560	0	10
0.953392725466718	-2.2	1.08734748912716	-2.2	0	0	0	570560	0	10
1.08734748912716	-2.2	1.22130225278761	-2.2	0	0	0	570560	0	10
1.22130225278761	-2.2	1.35525701644805	-2.2	0	0	0	570560	0	10
1.35525701644805	-2.2	1.48921178010849	-2.2	0	0	0	570560	0	10
1.48921178010849	-2.2	1.62316654376894	-2.2	0	0	0	570560	0	10
1.62316654376894	-2.2	1.75712130742938	-2.2	0	0	0	570560	0	10
1.75712130742938	-2.2	1.89107607108982	-2.2	0	0	0	570560	0	10
1.89107607108982	-2.2	2.02503083475027	-2.2	0	0	0	570560	0	10
2.02503083475027	-2.2	2.15898559841071	-2.2	0	0	0	570560	0	10
2.15898559841071	-2.2	2.29294036207116	-2.2	0	0	0	570560	0	10
2.29294036207116	-2.2	2.4268951257316	-2.2	0	0	0	570560	0	10
2.4268951257316	-2.2	2.56084988939204	-2.2	0	0	0	570560	0	10
2.56084988939204	-2.2	2.69480465305249	-2.2	0	0	0	570560	0	10
2.69480465305249	-2.2	2.82875941671293	-2.2	0	0	0	570560	0	10
2.82875941671293	-2.2	2.96271418037337	-2.2	0	0	0	570560	0	10
2.96271418037337	-2.2	3.09666894403382	-2.2	0	0	0	570560	0	10
3.09666894403382	-2.2	3.23062370769426	-2.2	0	0	0	570560	0	10
3.23062370769426	-2.2	3.36457847135471	-2.2	0	0	0	570560	0	10
3.36457847135471	-2.2	3.49853323501515	-2.2	0	0	0	570560	0	10
3.49853323501515	-2.2	3.63248799867559	-2.2	0	0	0	570560	0	10
3.63248799867559	-2.2	3.76644276233604	-2.2	0	0	0	570560	0	10
3.76644276233604	-2.2	3.90039752599648	-2.2	0	0	0	570560	0	10
3.90039752599648	-2.2	4.03435228965692	-2.2	0	0	0	570560	0	10
4.03435228965692	-2.2	4.16830705331737	-2.2	0	0	0	570560	0	10
4.16830705331737	-2.2	4.30226181697781	-2.2	0	0	0	570560	0	10
4.30226181697781	-2.2	4.43621658063826	-2.2	0	0	0	570560	0	10
4.43621658063826	-2.2	4.5701713442987	-2.2	0	0	0	570560	0	10
4.5701713442987	-2.2	4.70412610795914	-2.2	0	0	0	570560	0	10
4.70412610795914	-2.2	4.83808087161959	-2.2	0	0	0	570560	0	10
4.83808087161959	-2.2	4.97203563528003	-2.2	0	0	0	570560	0	10
4.97203563528003	-2.2	5.10599039894047	-2.2	0	0	0	570560	0	10
5.10599039894047	-2.2	5.23994516260092	-2.2	0	0	0	570560	0	10
5.23994516260092	-2.2	5.37389992626136	-2.2	0	0	0	570560	0	10
5.37389992626136	-2.2	5.50785468992181	-2.2	0	0	0	570560	0	10
5.50785468992181	-2.2	5.64180945358225	-2.2	0	0	0	570560	0	10
5.64180945358225	-2.2	5.77576421724269	-2.2	0	0	0	570560	0	10
5.77576421724269	-2.2	5.90971898090314	-2.2	0	0	0	570560	0	10
5.90971898090314	-2.2	6.04367374456358	-2.2	0	0	0	570560	0	10
6.04367374456358	-2.2	6.17762850822402	-2.2	0	0	0	570560	0	10
6.17762850822402	-2.2	6.31158327188447	-2.2	0	0	0	570560	0	10
6.31158327188447	-2.2	6.44553803554491	-2.2	0	0	0	570560	0	10
6.44553803554491	-2.2	6.57949279920536	-2.2	0	0	0	570560	0	10
6.57949279920536	-2.2	6.7134475628658	-2.2	0	0	0	570560	0	10
6.7134475628658	-2.2	6.84740232652624	-2.2	0	0	0	570560	0	10
6.84740232652624	-2.2	6.98135709018669	-2.2	0	0	0	570560	0	10
6.98135709018669	-2.2	7.11531185384713	-2.2	0	0	0	570560	0	10
7.11531185384713	-2.2	7.24926661750757	-2.2	0	0	0	570560	0	10
7.24926661750757	-2.2	7.38322138116802	-2.2	0	0	0	570560	0	10
7.38322138116802	-2.2	7.51717614482846	-2.2	0	0	0	570560	0	10
7.51717614482846	-2.2	7.65113090848891	-2.2	0	0	0	570560	0	10
7.65113090848891	-2.2	7.78508567214935	-2.2	0	0	0	570560	0	10
7.78508567214935	-2.2	7.91904043580979	-2.2	0	0	0	570560	0	10
7.91904043580979	-2.2	8.05299519947024	-2.2	0	0	0	570560	0	10
8.05299519947024	-2.2	8.18694996313068	-2.2	0	0	0	570560	0	10
8.18694996313068	-2.2	8.32090472679112	-2.2	0	0	0	570560	0	10
8.32090472679112	-2.2	8.45485949045157	-2.2	0	0	0	570560	0	10
8.45485949045157	-2.2	8.58881425411201	-2.2	0	0	0	570560	0	10
8.58881425411201	-2.2	8.72276901777246	-2.2	0	0	0	570560	0	10
8.72276901777246	-2.2	8.8567237814329	-2.2	0	0	0	570560	0	10
8.8567237814329	-2.2	8.99067854509334	-2.2	0	0	0	570560	0	10
8.99067854509334	-2.2	9.12463330875379	-2.2	0	0	0	570560	0	10
9.12463330875379	-2.2	9.25858807241423	-2.2	0	0	0	570560	0	10
9.25858807241423	-2.2	9.39254283607467	-2.2	0	0	0	570560	0	10
9.39254283607467	-2.2	9.52649759973512	-2.2	0	0	0	570560	0	10
9.52649759973512	-2.2	9.66045236339556	-2.2	0	0	0	570560	0	10
9.66045236339556	-2.2	9.79440712705601	-2.2	0	0	0	570560	0	10
9.79440712705601	-2.2	9.92836189071645	-2.2	0	0	0	570560	0	10
9.92836189071645	-2.2	10.0623166543769	-2.2	0	0	0	570560	0	10
10.0623166543769	-2.2	10.1962714180373	-2.2	0	0	0	570560	0	10
10.1962714180373	-2.2	10.3302261816978	-2.2	0	0	0	570560	0	10
10.3302261816978	-2.2	10.4641809453582	-2.2	0	0	0	570560	0	10
10.4641809453582	-2.2	10.5981357090187	-2.2	0	0	0	570560	0	10
10.5981357090187	-2.2	10.7320904726791	-2.2	0	0	0	570560	0	10
10.7320904726791	-2.2	10.8660452363396	-2.2	0	0	0	570560	0	10
10.8660452363396	-2.2	11	-2.2	0	0	0	570560	0	10
-10	0	-9.89174682452695	-0.0625	0	0	0	0	0	0
-9.89174682452695	-0.0625	-9.78349364905389	-0.125	0	0	0	0	0	0
-9.783493649054	-0.125	-9.70988148973232	-0.1675	0	0	0	0	0	0
-9.70988148973232	-0.1675	-9.63626933041065	-0.21	0	0	0	0	0	0
-9.63626933041065	-0.21	-9.56698729810789	-0.25	0	0	0	0	0	0
-9.566987298108	-0.25	-9.45873412263495	-0.3125	0	0	0	0	0	0
-9.45873412263495	-0.3125	-9.35048094716189	-0.375	0	0	0	0	0	0
-9.350480947162	-0.375	-9.24222777168895	-0.4375	0	0	0	0	0	0
-9.24222777168895	-0.4375	-9.13397459621589	-0.5	0	0	0	0	0	0
-9.133974596216	-0.5	-9.02572142074295	-0.5625	0	0	0	0	0	0
-9.02572142074295	-0.5625	-8.91746824526989	-0.625	0	0	0	0	0	0
-8.917468245269	-0.625	-8.84602114945678	-0.66625	0	0	0	0	0	0
-8.84602114945678	-0.66625	-8.77457405364457	-0.7075	0	0	0	0	0	0
-8.77457405364457	-0.7075	-8.70096189432289	-0.75	0	0	0	0	0	0
-8.700961894323	-0.75	-8.59270871884994	-0.8125	0	0	0	0	0	0
-8.59270871884994	-0.8125	-8.48445554337689	-0.875	0	0	0	0	0	0
-8.484455543377	-0.875	-8.37620236790395	-0.9375	0	0	0	0	0	0
-8.37620236790395	-0.9375	-8.26794919243089	-1	0	0	0	0	0	0
-8.267949192431	-1	-8.15969601695794	-1.0625	0	0	0	0	0	0
-8.15969601695794	-1.0625	-8.05144284148489	-1.125	0	0	0	0	0	0
-8.051442841485	-1.125	-7.98216080918225	-1.165	0	0	0	0	0	0
-7.98216080918225	-1.165	-7.91287877687949	-1.205	0	0	0	0	0	0
-7.91287877687949	-1.205	-7.83493649053889	-1.25	0	0	0	0	0	0
-7.834936490539	-1.25	-7.72668331506595	-1.3125	0	0	0	0	0	0
-7.72668331506595	-1.3125	-7.61843013959289	-1.375	0	0	0	0	0	0
-7.618430139593	-1.375	-7.51016605746097	-1.43748110530479	0	0	0	0	0	0
-7.51016605746097	-1.43748110530479	-7.40190197532893	-1.49996221061	0	0	0	0	0	0
-7.401901975329	-1.49996221061	-7.29361608977308	-1.56240552081509	0	0	0	0	0	0
-7.29361608977308	-1.56240552081509	-7.18533020421715	-1.62484883102	0	0	0	0	0	0
-7.185330204217	-1.62484883102	-7.1178921791976	-1.66367441551	0	0	0	0	0	0
-7.1178921791976	-1.66367441551	-7.0504541541782	-1.7025	0	0	0	0	0	0
-7.0504541541782	-1.7025	-6.96867129858075	-1.749584225389	0	0	0	0	0	0
-6.968671298581	-1.749584225389	-6.86020061690988	-1.81170597051744	0	0	0	0	0	0
-6.86020061690988	-1.81170597051744	-6.75172993523877	-1.873827715646	0	0	0	0	0	0
-6.751729935238	-1.873827715646	-6.64289252769936	-1.93530469280224	0	0	0	0	0	0
-6.64289252769936	-1.93530469280224	-6.53405512016072	-1.996781669959	0	0	0	0	0	0
-6.534055120161	-1.996781669959	-6.42428636804659	-2.05657983932266	0	0	0	0	0	0
-6.42428636804659	-2.05657983932266	-6.31451761593218	-2.116378008686	0	0	0	0	0	0
-6.314517615932	-2.116378008686	-6.2303636822344	-2.158189004343	0	0	0	0	0	0
-6.2303636822344	-2.158189004343	-6.1462097485368	-2.2	0	0	0	0	0	0
-6.1462097485368	-2.2	-6.09062849125306	-2.227614962305	0	0	0	0	0	0
-6.090628491253	-2.227614962305	-5.97467338740603	-2.27429915547397	0	0	0	0	0	0
-5.97467338740603	-2.27429915547397	-5.85871828355905	-2.320983348643	0	0	0	0	0	0
-5.858718283559	-2.320983348643	-5.73797755527287	-2.35333572928082	0	0	0	0	0	0
-5.73797755527287	-2.35333572928082	-5.61723682698673	-2.385688109919	0	0	0	0	0	0
-5.617236826987	-2.385688109919	-5.49347466477257	-2.40323596460298	0	0	0	0	0	0
-5.49347466477257	-2.40323596460298	-5.36971250255815	-2.420783819287	0	0	0	0	0	0
-5.369712502558	-2.420783819287	-5.24495642935167	-2.42858908661979	0	0	0	0	0	0
-5.24495642935167	-2.42858908661979	-5.12020035614534	-2.436394353952	0	0	0	0	0	0
-5.120200356146	-2.436394353952	-4.99523874359137	-2.43949199624047	0	0	0	0	0	0
-4.99523874359137	-2.43949199624047	-4.87027713103675	-2.442589638529	0	0	0	0	0	0
-4.870277131036	-2.442589638529	-4.74528268264738	-2.44376771833314	0	0	0	0	0	0
-4.74528268264738	-2.44376771833314	-4.62028823425876	-2.444945798138	0	0	0	0	0	0
-4.620288234259	-2.444945798138	-4.49528899580178	-2.4453821295649	0	0	0	0	0	0
-4.49528899580178	-2.4453821295649	-4.37028975734455	-2.445818460991	0	0	0	0	0	0
-4.370289757345	-2.445818460991	-4.24528985063407	-2.44597117726256	0	0	0	0	0	0
-4.24528985063407	-2.44597117726256	-4.12028994392315	-2.446123893534	0	0	0	0	0	0
-4.120289943923	-2.446123893534	-3.99528996105773	-2.44618934337796	0	0	0	0	0	0
-3.99528996105773	-2.44618934337796	-3.87028997819246	-2.446254793222	0	0	0	0	0	0
-3.870289978192	-2.446254793222	-3.74528998009586	-2.44627660983754	0	0	0	0	0	0
-3.74528998009586	-2.44627660983754	-3.62028998199972	-2.446298426453	0	0	0	0	0	0
-3.620289982	-2.446298426453	-3.495289982	-2.446298426453	0	0	0	0	0	0
-3.495289982	-2.446298426453	-3.370289982	-2.446298426453	0	0	0	0	0	0
-3.370289982	-2.446298426453	-3.245289982	-2.446298426453	0	0	0	0	0	0
-3.245289982	-2.446298426453	-3.120289982	-2.446298426453	0	0	0	0	0	0
-3.120289982	-2.446298426453	-2.995289982	-2.446298426453	0	0	0	0	0	0
-2.995289982	-2.446298426453	-2.870289982	-2.446298426453	0	0	0	0	0	0
-2.870289982	-2.446298426453	-2.745289982	-2.446298426453	0	0	0	0	0	0
-2.745289982	-2.446298426453	-2.620289982	-2.446298426453	0	0	0	0	0	0
-2.620289982	-2.446298426453	-2.495289982	-2.446298426453	0	0	0	0	0	0
-2.495289982	-2.446298426453	-2.370289982	-2.446298426453	0	0	0	0	0	0
-2.370289982	-2.446298426453	-2.245289982	-2.446298426453	0	0	0	0	0	0
-2.245289982	-2.446298426453	-2.120289982	-2.446298426453	0	0	0	0	0	0
-2.120289982	-2.446298426453	-1.995289982	-2.446298426453	0	0	0	0	0	0
-1.995289982	-2.446298426453	-1.870289982	-2.446298426453	0	0	0	0	0	0
-1.870289982	-2.446298426453	-1.745289982	-2.446298426453	0	0	0	0	0	0
-1.745289982	-2.446298426453	-1.620289982	-2.446298426453	0	0	0	0	0	0
-1.620289982	-2.446298426453	-1.495289982	-2.446298426453	0	0	0	0	0	0
-1.495289982	-2.446298426453	-1.370289982	-2.446298426453	0	0	0	0	0	0
-1.370289982	-2.446298426453	-1.245289982	-2.446298426453	0	0	0	0	0	0
-1.245289982	-2.446298426453	-1.120289982	-2.446298426453	0	0	0	0	0	0
-1.120289982	-2.446298426453	-0.995289982	-2.446298426453	0	0	0	0	0	0
-0.995289982	-2.446298426453	-0.870289982	-2.446298426453	0	0	0	0	0	0
-0.870289982	-2.446298426453	-0.745289982	-2.446298426453	0	0	0	0	0	0
-0.745289982	-2.446298426453	-0.620289982	-2.446298426453	0	0	0	0	0	0
-0.620289982	-2.446298426453	-0.495289982	-2.446298426453	0	0	0	0	0	0
-0.495289982	-2.446298426453	-0.370289982	-2.446298426453	0	0	0	0	0	0
-0.370289982	-2.446298426453	-0.245289982	-2.446298426453	0	0	0	0	0	0
-0.245289982	-2.446298426453	-0.120289982	-2.446298426453	0	0	0	0	0	0
-0.120289982	-2.446298426453	0.004710018	-2.446298426453	0	0	0	0	0	0
0.004710018	-2.446298426453	0.129710018	-2.446298426453	0	0	0	0	0	0
0.129710018	-2.446298426453	0.254710018	-2.446298426453	0	0	0	0	0	0
0.254710018	-2.446298426453	0.379710018	-2.446298426453	0	0	0	0	0	0
0.379710018	-2.446298426453	0.504710018	-2.446298426453	0	0	0	0	0	0
0.504710018	-2.446298426453	0.629710018	-2.446298426453	0	0	0	0	0	0
0.629710018	-2.446298426453	0.754710018	-2.446298426453	0	0	0	0	0	0
0.754710018	-2.446298426453	0.879710018	-2.446298426453	0	0	0	0	0	0
0.879710018	-2.446298426453	1.004710018	-2.446298426453	0	0	0	0	0	0
1.004710018	-2.446298426453	1.129710018	-2.446298426453	0	0	0	0	0	0
1.129710018	-2.446298426453	1.254710018	-2.446298426453	0	0	0	0	0	0
1.254710018	-2.446298426453	1.379710018	-2.446298426453	0	0	0	0	0	0
1.379710018	-2.446298426453	1.504710018	-2.446298426453	0	0	0	0	0	0
1.504710018	-2.446298426453	1.629710018	-2.446298426453	0	0	0	0	0	0
1.629710018	-2.446298426453	1.754710018	-2.446298426453	0	0	0	0	0	0
1.754710018	-2.446298426453	1.879710018	-2.446298426453	0	0	0	0	0	0
1.879710018	-2.446298426453	2.004710018	-2.446298426453	0	0	0	0	0	0
2.004710018	-2.446298426453	2.129710018	-2.446298426453	0	0	0	0	0	0
2.129710018	-2.446298426453	2.254710018	-2.446298426453	0	0	0	0	0	0
2.254710018	-2.446298426453	2.379710018	-2.446298426453	0	0	0	0	0	0
2.379710018	-2.446298426453	2.504710018	-2.446298426453	0	0	0	0	0	0
2.504710018	-2.446298426453	2.629710018	-2.446298426453	0	0	0	0	0	0
2.629710018	-2.446298426453	2.754710018	-2.446298426453	0	0	0	0	0	0
2.754710018	-2.446298426453	2.879710018	-2.446298426453	0	0	0	0	0	0
2.879710018	-2.446298426453	3.004710018	-2.446298426453	0	0	0	0	0	0
3.004710018	-2.446298426453	3.129710018	-2.446298426453	0	0	0	0	0	0
3.129710018	-2.446298426453	3.254710018	-2.446298426453	0	0	0	0	0	0
3.254710018	-2.446298426453	3.379710018	-2.446298426453	0	0	0	0	0	0
3.379710018	-2.446298426453	3.504710018	-2.446298426453	0	0	0	0	0	0
3.504710018	-2.446298426453	3.629710018	-2.446298426453	0	0	0	0	0	0
3.629710018	-2.446298426453	3.754710018	-2.446298426453	0	0	0	0	0	0
3.754710018	-2.446298426453	3.879710018	-2.446298426453	0	0	0	0	0	0
3.879710018	-2.446298426453	4.004710018	-2.446298426453	0	0	0	0	0	0
4.004710018	-2.446298426453	4.129710018	-2.446298426453	0	0	0	0	0	0
4.129710018	-2.446298426453	4.254710018	-2.446298426453	0	0	0	0	0	0
4.254710018	-2.446298426453	4.379710018	-2.446298426453	0	0	0	0	0	0
4.379710018	-2.446298426453	4.504710018	-2.446298426453	0	0	0	0	0	0
4.504710018	-2.446298426453	4.629710018	-2.446298426453	0	0	0	0	0	0
4.629710018	-2.446298426453	4.754710018	-2.446298426453	0	0	0	0	0	0
4.754710018	-2.446298426453	4.879710018	-2.446298426453	0	0	0	0	0	0
4.879710018	-2.446298426453	5.004710018	-2.446298426453	0	0	0	0	0	0
5.004710018	-2.446298426453	5.129710018	-2.446298426453	0	0	0	0	0	0
5.129710018	-2.446298426453	5.254710018	-2.446298426453	0	0	0	0	0	0
5.254710018	-2.446298426453	5.379710018	-2.446298426453	0	0	0	0	0	0
5.379710018	-2.446298426453	5.504710018	-2.446298426453	0	0	0	0	0	0
5.504710018	-2.446298426453	5.629710018	-2.446298426453	0	0	0	0	0	0
5.629710018	-2.446298426453	5.754710018	-2.446298426453	0	0	0	0	0	0
5.754710018	-2.446298426453	5.879710018	-2.446298426453	0	0	0	0	0	0
5.879710018	-2.446298426453	6.004710018	-2.446298426453	0	0	0	0	0	0
6.004710018	-2.446298426453	6.129710018	-2.446298426453	0	0	0	0	0	0
6.129710018	-2.446298426453	6.254710018	-2.446298426453	0	0	0	0	0	0
6.254710018	-2.446298426453	6.379710018	-2.446298426453	0	0	0	0	0	0
6.379710018	-2.446298426453	6.504710018	-2.446298426453	0	0	0	0	0	0
6.504710018	-2.446298426453	6.629710018	-2.446298426453	0	0	0	0	0	0
6.629710018	-2.446298426453	6.754710018	-2.446298426453	0	0	0	0	0	0
6.754710018	-2.446298426453	6.879710018	-2.446298426453	0	0	0	0	0	0
6.879710018	-2.446298426453	7.004710018	-2.446298426453	0	0	0	0	0	0
7.004710018	-2.446298426453	7.129710018	-2.446298426453	0	0	0	0	0	0
7.129710018	-2.446298426453	7.254710018	-2.446298426453	0	0	0	0	0	0
7.254710018	-2.446298426453	7.379710018	-2.446298426453	0	0	0	0	0	0
7.379710018	-2.446298426453	7.504710018	-2.446298426453	0	0	0	0	0	0
7.504710018	-2.446298426453	7.629710018	-2.446298426453	0	0	0	0	0	0
7.629710018	-2.446298426453	7.754710018	-2.446298426453	0	0	0	0	0	0
7.754710018	-2.446298426453	7.879710018	-2.446298426453	0	0	0	0	0	0
7.879710018	-2.446298426453	8.004710018	-2.446298426453	0	0	0	0	0	0
8.004710018	-2.446298426453	8.129710018	-2.446298426453	0	0	0	0	0	0
8.129710018	-2.446298426453	8.254710018	-2.446298426453	0	0	0	0	0	0
8.254710018	-2.446298426453	8.379710018	-2.446298426453	0	0	0	0	0	0
8.379710018	-2.446298426453	8.504710018	-2.446298426453	0	0	0	0	0	0
8.504710018	-2.446298426453	8.629710018	-2.446298426453	0	0	0	0	0	0
8.629710018	-2.446298426453	8.754710018	-2.446298426453	0	0	0	0	0	0
8.754710018	-2.446298426453	8.879710018	-2.446298426453	0	0	0	0	0	0
8.879710018	-2.446298426453	9.004710018	-2.446298426453	0	0	0	0	0	0
9.004710018	-2.446298426453	9.129710018	-2.446298426453	0	0	0	0	0	0
9.129710018	-2.446298426453	9.254710018	-2.446298426453	0	0	0	0	0	0
9.254710018	-2.446298426453	9.379710018	-2.446298426453	0	0	0	0	0	0
9.379710018	-2.446298426453	9.504710018	-2.446298426453	0	0	0	0	0	0
9.504710018	-2.446298426453	9.629710018	-2.446298426453	0	0	0	0	0	0
9.629710018	-2.446298426453	9.754710018	-2.446298426453	0	0	0	0	0	0
9.754710018	-2.446298426453	9.879710018	-2.446298426453	0	0	0	0	0	0
9.879710018	-2.446298426453	10.004710018	-2.446298426453	0	0	0	0	0	0
10.004710018	-2.446298426453	10.129710018	-2.446298426453	0	0	0	0	0	0
10.129710018	-2.446298426453	10.254710018	-2.446298426453	0	0	0	0	0	0
10.254710018	-2.446298426453	10.379710018	-2.446298426453	0	0	0	0	0	0
10.379710018	-2.446298426453	10.504710018	-2.446298426453	0	0	0	0	0	0
10.504710018	-2.446298426453	10.629710018	-2.446298426453	0	0	0	0	0	0
10.629710018	-2.446298426453	10.754710018	-2.446298426453	0	0	0	0	0	0
10.754710018	-2.446298426453	10.879710018	-2.446298426453	0	0	0	0	0	0
10.879710018	-2.446298426453	11.004710018	-2.446298426453	0	0	0	0	0	0
11.004710018	-2.446298426453	11.129710018	-2.446298426453	0	0	0	0	0	0
11.129710018	-2.446298426453	11.254710018	-2.446298426453	0	0	0	0	0	0
11.254710018	-2.446298426453	11.379710018	-2.446298426453	0	0	0	0	0	0
11.379710018	-2.446298426453	11.504710018	-2.446298426453	0	0	0	0	0	0
11.504710018	-2.446298426453	11.629710018	-2.446298426453	0	0	0	0	0	0
11.629710018	-2.446298426453	11.754710018	-2.446298426453	0	0	0	0	0	0
11.754710018	-2.446298426453	11.879710018	-2.446298426453	0	0	0	0	0	0
11.879710018	-2.446298426453	12.004710018	-2.446298426453	0	0	0	0	0	0
12.004710018	-2.446298426453	12.129710018	-2.446298426453	0	0	0	0	0	0
12.129710018	-2.446298426453	12.254710018	-2.446298426453	0	0	0	0	0	0
12.254710018	-2.446298426453	12.379710018	-2.446298426453	0	0	0	0	0	0
12.379710018	-2.446298426453	12.504710018	-2.446298426453	0	0	0	0	0	0
12.504710018	-2.446298426453	12.629710018	-2.446298426453	0	0	0	0	0	0
12.629710018	-2.446298426453	12.754710018	-2.446298426453	0	0	0	0	0	0
12.754710018	-2.446298426453	12.879710018	-2.446298426453	0	0	0	0	0	0
12.879710018	-2.446298426453	13.004710018	-2.446298426453	0	0	0	0	0	0
13.004710018	-2.446298426453	13.129710018	-2.446298426453	0	0	0	0	0	0
13.129710018	-2.446298426453	13.254710018	-2.446298426453	0	0	0	0	0	0
13.254710018	-2.446298426453	13.379710018	-2.446298426453	0	0	0	0	0	0
13.379710018	-2.446298426453	13.504710018	-2.446298426453	0	0	0	0	0	0
13.504710018	-2.446298426453	13.629710018	-2.446298426453	0	0	0	0	0	0
13.629710018	-2.446298426453	13.754710018	-2.446298426453	0	0	0	0	0	0
13.754710018	-2.446298426453	13.879710018	-2.446298426453	0	0	0	0	0	0
13.879710018	-2.446298426453	14.004710018	-2.446298426453	0	0	0	0	0	0
14.004710018	-2.446298426453	14.129710018	-2.446298426453	0	0	0	0	0	0
14.129710018	-2.446298426453	14.254710018	-2.446298426453	0	0	0	0	0	0
14.254710018	-2.446298426453	14.379710018	-2.446298426453	0	0	0	0	0	0
