-11	-0.21	-10.8760244845828	-0.21	0	0	0	63508000	0	1
-10.8760244845828	-0.21	-10.7520489691656	-0.21	0	0	0	63508000	0	1
-10.7520489691656	-0.21	-10.6280734537484	-0.21	0	0	0	63508000	0	1
-10.6280734537484	-0.21	-10.5040979383311	-0.21	0	0	0	63508000	0	1
-10.5040979383311	-0.21	-10.3801224229139	-0.21	0	0	0	63508000	0	1
-10.3801224229139	-0.21	-10.2561469074967	-0.21	0	0	0	63508000	0	1
-10.2561469074967	-0.21	-10.1321713920795	-0.21	0	0	0	63508000	0	1
-10.1321713920795	-0.21	-10.0081958766623	-0.21	0	0	0	63508000	0	1
-10.0081958766623	-0.21	-9.88422036124507	-0.21	0	0	0	63508000	0	1
-9.37505073129152	-0.21	-9.24444143173196	-0.21	0	0	0	63508	0	2
-9.24444143173196	-0.21	-9.1138321321724	-0.21	0	0	0	63508	0	2
-9.1138321321724	-0.21	-8.98322283261284	-0.21	0	0	0	63508	0	2
-8.98322283261284	-0.21	-8.85261353305328	-0.21	0	0	0	63508	0	2
-8.85261353305328	-0.21	-8.72200423349372	-0.21	0	0	0	63508	0	2
-8.72200423349372	-0.21	-8.59139493393416	-0.21	0	0	0	63508	0	2
-8.59139493393416	-0.21	-8.4607856343746	-0.21	0	0	0	63508	0	2
-8.4607856343746	-0.21	-8.33017633481504	-0.21	0	0	0	63508	0	2
-8.33017633481504	-0.21	-8.19956703525548	-0.21	0	0	0	63508	0	2
-8.19956703525548	-0.21	-8.06895773569591	-0.21	0	0	0	63508	0	2
-8.06895773569591	-0.21	-7.93834843613635	-0.21	0	0	0	63508	0	2
-7.93834843613635	-0.21	-7.80773913657679	-0.21	0	0	0	63508	0	2
-7.80773913657679	-0.21	-7.67712983701723	-0.21	0	0	0	63508	0	2
-7.67712983701723	-0.21	-7.54652053745767	-0.21	0	0	0	63508	0	2
-7.54652053745767	-0.21	-7.41591123789811	-0.21	0	0	0	63508	0	2
-7.41591123789811	-0.21	-7.28530193833855	-0.21	0	0	0	63508	0	2
-7.28530193833855	-0.21	-7.15469263877899	-0.21	0	0	0	63508	0	2
-7.15469263877899	-0.21	-7.02408333921943	-0.21	0	0	0	63508	0	2
-7.02408333921943	-0.21	-6.89347403965986	-0.21	0	0	0	63508	0	2
-6.89347403965986	-0.21	-6.7628647401003	-0.21	0	0	0	63508	0	2
-6.7628647401003	-0.21	-6.63225544054074	-0.21	0	0	0	63508	0	2
-6.63225544054074	-0.21	-6.50164614098118	-0.21	0	0	0	63508	0	2
-6.50164614098118	-0.21	-6.37103684142162	-0.21	0	0	0	63508	0	2
-6.37103684142162	-0.21	-6.24042754186206	-0.21	0	0	0	63508	0	2
-6.24042754186206	-0.21	-6.1098182423025	-0.21	0	0	0	63508	0	2
-6.1098182423025	-0.21	-5.97920894274294	-0.21	0	0	0	63508	0	2
-5.97920894274294	-0.21	-5.84859964318338	-0.21	0	0	0	63508	0	2
-5.84859964318338	-0.21	-5.71799034362381	-0.21	0	0	0	63508	0	2
-5.71799034362381	-0.21	-5.58738104406425	-0.21	0	0	0	63508	0	2
-5.58738104406425	-0.21	-5.45677174450469	-0.21	0	0	0	63508	0	2
-5.45677174450469	-0.21	-5.32616244494513	-0.21	0	0	0	63508	0	2
-5.32616244494513	-0.21	-5.19555314538557	-0.21	0	0	0	63508	0	2
-5.19555314538557	-0.21	-5.06494384582601	-0.21	0	0	0	63508	0	2
-5.06494384582601	-0.21	-4.93433454626645	-0.21	0	0	0	63508	0	2
-4.93433454626645	-0.21	-4.80372524670689	-0.21	0	0	0	63508	0	2
-4.80372524670689	-0.21	-4.67311594714733	-0.21	0	0	0	63508	0	2
-4.67311594714733	-0.21	-4.54250664758777	-0.21	0	0	0	63508	0	2
-4.54250664758777	-0.21	-4.4118973480282	-0.21	0	0	0	63508	0	2
-4.4118973480282	-0.21	-4.28128804846864	-0.21	0	0	0	63508	0	2
-4.28128804846864	-0.21	-4.15067874890908	-0.21	0	0	0	63508	0	2
-4.15067874890908	-0.21	-4.02006944934952	-0.21	0	0	0	63508	0	2
-4.02006944934952	-0.21	-3.88946014978996	-0.21	0	0	0	63508	0	2
-3.88946014978996	-0.21	-3.7588508502304	-0.21	0	0	0	63508	0	2
-3.7588508502304	-0.21	-3.62824155067084	-0.21	0	0	0	63508	0	2
-3.62824155067084	-0.21	-3.49763225111128	-0.21	0	0	0	63508	0	2
-3.49763225111128	-0.21	-3.36702295155172	-0.21	0	0	0	63508	0	2
-3.36702295155172	-0.21	-3.23641365199215	-0.21	0	0	0	63508	0	2
-3.23641365199215	-0.21	-3.10580435243259	-0.21	0	0	0	63508	0	2
-3.10580435243259	-0.21	-2.97519505287303	-0.21	0	0	0	63508	0	2
-2.97519505287303	-0.21	-2.84458575331347	-0.21	0	0	0	63508	0	2
-2.84458575331347	-0.21	-2.71397645375391	-0.21	0	0	0	63508	0	2
-2.71397645375391	-0.21	-2.58336715419435	-0.21	0	0	0	63508	0	2
-2.58336715419435	-0.21	-2.45275785463479	-0.21	0	0	0	63508	0	2
-2.45275785463479	-0.21	-2.32214855507523	-0.21	0	0	0	63508	0	2
-2.32214855507523	-0.21	-2.19153925551567	-0.21	0	0	0	63508	0	2
-2.19153925551567	-0.21	-2.0609299559561	-0.21	0	0	0	63508	0	2
-2.0609299559561	-0.21	-1.93032065639654	-0.21	0	0	0	63508	0	2
-1.93032065639654	-0.21	-1.79971135683698	-0.21	0	0	0	63508	0	2
-1.79971135683698	-0.21	-1.66910205727742	-0.21	0	0	0	63508	0	2
-1.66910205727742	-0.21	-1.53849275771786	-0.21	0	0	0	63508	0	2
-1.53849275771786	-0.21	-1.4078834581583	-0.21	0	0	0	63508	0	2
-1.4078834581583	-0.21	-1.27727415859874	-0.21	0	0	0	63508	0	2
-1.27727415859874	-0.21	-1.14666485903918	-0.21	0	0	0	63508	0	2
-1.14666485903918	-0.21	-1.01605555947962	-0.21	0	0	0	63508	0	2
-1.01605555947962	-0.21	-0.885446259920055	-0.21	0	0	0	63508	0	2
-0.885446259920055	-0.21	-0.754836960360494	-0.21	0	0	0	63508	0	2
-0.754836960360494	-0.21	-0.624227660800933	-0.21	0	0	0	63508	0	2
-0.624227660800933	-0.21	-0.493618361241371	-0.21	0	0	0	63508	0	2
-0.493618361241371	-0.21	-0.36300906168181	-0.21	0	0	0	63508	0	2
-0.36300906168181	-0.21	-0.232399762122249	-0.21	0	0	0	63508	0	2
-0.232399762122249	-0.21	-0.101790462562688	-0.21	0	0	0	63508	0	2
-0.101790462562688	-0.21	0.0288188369968729	-0.21	0	0	0	63508	0	2
0.0288188369968729	-0.21	0.159428136556434	-0.21	0	0	0	63508	0	2
0.159428136556434	-0.21	0.290037436115995	-0.21	0	0	0	63508	0	2
0.290037436115995	-0.21	0.420646735675556	-0.21	0	0	0	63508	0	2
0.420646735675556	-0.21	0.551256035235117	-0.21	0	0	0	63508	0	2
0.551256035235117	-0.21	0.681865334794677	-0.21	0	0	0	63508	0	2
0.681865334794677	-0.21	0.812474634354237	-0.21	0	0	0	63508	0	2
0.812474634354237	-0.21	0.943083933913798	-0.21	0	0	0	63508	0	2
0.943083933913798	-0.21	1.07369323347336	-0.21	0	0	0	63508	0	2
1.07369323347336	-0.21	1.20430253303292	-0.21	0	0	0	63508	0	2
1.20430253303292	-0.21	1.33491183259248	-0.21	0	0	0	63508	0	2
1.33491183259248	-0.21	1.46552113215204	-0.21	0	0	0	63508	0	2
1.46552113215204	-0.21	1.5961304317116	-0.21	0	0	0	63508	0	2
1.5961304317116	-0.21	1.72673973127116	-0.21	0	0	0	63508	0	2
1.72673973127116	-0.21	1.85734903083072	-0.21	0	0	0	63508	0	2
1.85734903083072	-0.21	1.98795833039029	-0.21	0	0	0	63508	0	2
1.98795833039029	-0.21	2.11856762994985	-0.21	0	0	0	63508	0	2
2.11856762994985	-0.21	2.24917692950941	-0.21	0	0	0	63508	0	2
2.24917692950941	-0.21	2.37978622906897	-0.21	0	0	0	63508	0	2
2.37978622906897	-0.21	2.51039552862853	-0.21	0	0	0	63508	0	2
2.51039552862853	-0.21	2.64100482818809	-0.21	0	0	0	63508	0	2
2.64100482818809	-0.21	2.77161412774765	-0.21	0	0	0	63508	0	2
2.77161412774765	-0.21	2.90222342730721	-0.21	0	0	0	63508	0	2
2.90222342730721	-0.21	3.03283272686677	-0.21	0	0	0	63508	0	2
3.03283272686677	-0.21	3.16344202642634	-0.21	0	0	0	63508	0	2
3.16344202642634	-0.21	3.2940513259859	-0.21	0	0	0	63508	0	2
3.2940513259859	-0.21	3.42466062554546	-0.21	0	0	0	63508	0	2
3.42466062554546	-0.21	3.55526992510502	-0.21	0	0	0	63508	0	2
3.55526992510502	-0.21	3.68587922466458	-0.21	0	0	0	63508	0	2
3.68587922466458	-0.21	3.81648852422414	-0.21	0	0	0	63508	0	2
3.81648852422414	-0.21	3.9470978237837	-0.21	0	0	0	63508	0	2
3.9470978237837	-0.21	4.07770712334326	-0.21	0	0	0	63508	0	2
4.07770712334326	-0.21	4.20831642290282	-0.21	0	0	0	63508	0	2
4.20831642290282	-0.21	4.33892572246238	-0.21	0	0	0	63508	0	2
4.33892572246238	-0.21	4.46953502202195	-0.21	0	0	0	63508	0	2
4.46953502202195	-0.21	4.60014432158151	-0.21	0	0	0	63508	0	2
4.60014432158151	-0.21	4.73075362114107	-0.21	0	0	0	63508	0	2
4.73075362114107	-0.21	4.86136292070063	-0.21	0	0	0	63508	0	2
4.86136292070063	-0.21	4.99197222026019	-0.21	0	0	0	63508	0	2
4.99197222026019	-0.21	5.12258151981975	-0.21	0	0	0	63508	0	2
5.12258151981975	-0.21	5.25319081937931	-0.21	0	0	0	63508	0	2
5.25319081937931	-0.21	5.38380011893887	-0.21	0	0	0	63508	0	2
5.38380011893887	-0.21	5.51440941849843	-0.21	0	0	0	63508	0	2
5.51440941849843	-0.21	5.645018718058	-0.21	0	0	0	63508	0	2
5.645018718058	-0.21	5.77562801761756	-0.21	0	0	0	63508	0	2
5.77562801761756	-0.21	5.90623731717712	-0.21	0	0	0	63508	0	2
5.90623731717712	-0.21	6.03684661673668	-0.21	0	0	0	63508	0	2
6.03684661673668	-0.21	6.16745591629624	-0.21	0	0	0	63508	0	2
6.16745591629624	-0.21	6.2980652158558	-0.21	0	0	0	63508	0	2
6.2980652158558	-0.21	6.42867451541536	-0.21	0	0	0	63508	0	2
6.42867451541536	-0.21	6.55928381497492	-0.21	0	0	0	63508	0	2
6.55928381497492	-0.21	6.68989311453448	-0.21	0	0	0	63508	0	2
6.68989311453448	-0.21	6.82050241409405	-0.21	0	0	0	63508	0	2
6.82050241409405	-0.21	6.95111171365361	-0.21	0	0	0	63508	0	2
6.95111171365361	-0.21	7.08172101321317	-0.21	0	0	0	63508	0	2
7.08172101321317	-0.21	7.21233031277273	-0.21	0	0	0	63508	0	2
7.21233031277273	-0.21	7.34293961233229	-0.21	0	0	0	63508	0	2
7.34293961233229	-0.21	7.47354891189185	-0.21	0	0	0	63508	0	2
7.47354891189185	-0.21	7.60415821145141	-0.21	0	0	0	63508	0	2
7.60415821145141	-0.21	7.73476751101097	-0.21	0	0	0	63508	0	2
7.73476751101097	-0.21	7.86537681057053	-0.21	0	0	0	63508	0	2
7.86537681057053	-0.21	7.9959861101301	-0.21	0	0	0	63508	0	2
7.9959861101301	-0.21	8.12659540968966	-0.21	0	0	0	63508	0	2
8.12659540968966	-0.21	8.25720470924922	-0.21	0	0	0	63508	0	2
8.25720470924922	-0.21	8.38781400880878	-0.21	0	0	0	63508	0	2
8.38781400880878	-0.21	8.51842330836834	-0.21	0	0	0	63508	0	2
8.51842330836834	-0.21	8.6490326079279	-0.21	0	0	0	63508	0	2
8.6490326079279	-0.21	8.77964190748746	-0.21	0	0	0	63508	0	2
8.77964190748746	-0.21	8.91025120704702	-0.21	0	0	0	63508	0	2
8.91025120704702	-0.21	9.04086050660658	-0.21	0	0	0	63508	0	2
9.04086050660658	-0.21	9.17146980616615	-0.21	0	0	0	63508	0	2
9.17146980616615	-0.21	9.30207910572571	-0.21	0	0	0	63508	0	2
9.30207910572571	-0.21	9.43268840528527	-0.21	0	0	0	63508	0	2
9.43268840528527	-0.21	9.56329770484483	-0.21	0	0	0	63508	0	2
9.56329770484483	-0.21	9.69390700440439	-0.21	0	0	0	63508	0	2
9.69390700440439	-0.21	9.82451630396395	-0.21	0	0	0	63508	0	2
9.82451630396395	-0.21	9.95512560352351	-0.21	0	0	0	63508	0	2
9.95512560352351	-0.21	10.0857349030831	-0.21	0	0	0	63508	0	2
10.0857349030831	-0.21	10.2163442026426	-0.21	0	0	0	63508	0	2
10.2163442026426	-0.21	10.3469535022022	-0.21	0	0	0	63508	0	2
10.3469535022022	-0.21	10.4775628017618	-0.21	0	0	0	63508	0	2
10.4775628017618	-0.21	10.6081721013213	-0.21	0	0	0	63508	0	2
10.6081721013213	-0.21	10.7387814008809	-0.21	0	0	0	63508	0	2
10.7387814008809	-0.21	10.8693907004404	-0.21	0	0	0	63508	0	2
10.8693907004404	-0.21	11	-0.21	0	0	0	63508	0	2
-11	-0.608	-10.8716820693124	-0.608	0	0	0	164918400	0	3
-10.8716820693124	-0.608	-10.7433641386248	-0.608	0	0	0	164918400	0	3
-10.7433641386248	-0.608	-10.6150462079372	-0.608	0	0	0	164918400	0	3
-10.6150462079372	-0.608	-10.4867282772496	-0.608	0	0	0	164918400	0	3
-10.4867282772496	-0.608	-10.3584103465621	-0.608	0	0	0	164918400	0	3
-10.3584103465621	-0.608	-10.2300924158745	-0.608	0	0	0	164918400	0	3
-10.2300924158745	-0.608	-10.1017744851869	-0.608	0	0	0	164918400	0	3
-10.1017744851869	-0.608	-9.97345655449928	-0.608	0	0	0	164918400	0	3
-9.97345655449928	-0.608	-9.84513862381169	-0.608	0	0	0	164918400	0	3
-9.84513862381169	-0.608	-9.7168206931241	-0.608	0	0	0	164918400	0	3
-9.7168206931241	-0.608	-9.58850276243651	-0.608	0	0	0	164918400	0	3
-9.58850276243651	-0.608	-9.46018483174892	-0.608	0	0	0	164918400	0	3
-9.46018483174892	-0.608	-9.33186690106133	-0.608	0	0	0	164918400	0	3
-9.33186690106133	-0.608	-9.20354897037374	-0.608	0	0	0	164918400	0	3
-8.68616914678943	-0.608	-8.55579716568487	-0.608	0	0	0	164918.4	0	4
-8.55579716568487	-0.608	-8.4254251845803	-0.608	0	0	0	164918.4	0	4
-8.4254251845803	-0.608	-8.29505320347573	-0.608	0	0	0	164918.4	0	4
-8.29505320347573	-0.608	-8.16468122237117	-0.608	0	0	0	164918.4	0	4
-8.16468122237117	-0.608	-8.0343092412666	-0.608	0	0	0	164918.4	0	4
-8.0343092412666	-0.608	-7.90393726016204	-0.608	0	0	0	164918.4	0	4
-7.90393726016204	-0.608	-7.77356527905747	-0.608	0	0	0	164918.4	0	4
-7.77356527905747	-0.608	-7.6431932979529	-0.608	0	0	0	164918.4	0	4
-7.6431932979529	-0.608	-7.51282131684834	-0.608	0	0	0	164918.4	0	4
-7.51282131684834	-0.608	-7.38244933574377	-0.608	0	0	0	164918.4	0	4
-7.38244933574377	-0.608	-7.25207735463921	-0.608	0	0	0	164918.4	0	4
-7.25207735463921	-0.608	-7.12170537353464	-0.608	0	0	0	164918.4	0	4
-7.12170537353464	-0.608	-6.99133339243008	-0.608	0	0	0	164918.4	0	4
-6.99133339243008	-0.608	-6.86096141132551	-0.608	0	0	0	164918.4	0	4
-6.86096141132551	-0.608	-6.73058943022094	-0.608	0	0	0	164918.4	0	4
-6.73058943022094	-0.608	-6.60021744911638	-0.608	0	0	0	164918.4	0	4
-6.60021744911638	-0.608	-6.46984546801181	-0.608	0	0	0	164918.4	0	4
-6.46984546801181	-0.608	-6.33947348690725	-0.608	0	0	0	164918.4	0	4
-6.33947348690725	-0.608	-6.20910150580268	-0.608	0	0	0	164918.4	0	4
-6.20910150580268	-0.608	-6.07872952469812	-0.608	0	0	0	164918.4	0	4
-6.07872952469812	-0.608	-5.94835754359355	-0.608	0	0	0	164918.4	0	4
-5.94835754359355	-0.608	-5.81798556248898	-0.608	0	0	0	164918.4	0	4
-5.81798556248898	-0.608	-5.68761358138442	-0.608	0	0	0	164918.4	0	4
-5.68761358138442	-0.608	-5.55724160027985	-0.608	0	0	0	164918.4	0	4
-5.55724160027985	-0.608	-5.42686961917529	-0.608	0	0	0	164918.4	0	4
-5.42686961917529	-0.608	-5.29649763807072	-0.608	0	0	0	164918.4	0	4
-5.29649763807072	-0.608	-5.16612565696615	-0.608	0	0	0	164918.4	0	4
-5.16612565696615	-0.608	-5.03575367586159	-0.608	0	0	0	164918.4	0	4
-5.03575367586159	-0.608	-4.90538169475702	-0.608	0	0	0	164918.4	0	4
-4.90538169475702	-0.608	-4.77500971365246	-0.608	0	0	0	164918.4	0	4
-4.77500971365246	-0.608	-4.64463773254789	-0.608	0	0	0	164918.4	0	4
-4.64463773254789	-0.608	-4.51426575144333	-0.608	0	0	0	164918.4	0	4
-4.51426575144333	-0.608	-4.38389377033876	-0.608	0	0	0	164918.4	0	4
-4.38389377033876	-0.608	-4.25352178923419	-0.608	0	0	0	164918.4	0	4
-4.25352178923419	-0.608	-4.12314980812963	-0.608	0	0	0	164918.4	0	4
-4.12314980812963	-0.608	-3.99277782702506	-0.608	0	0	0	164918.4	0	4
-3.99277782702506	-0.608	-3.8624058459205	-0.608	0	0	0	164918.4	0	4
-3.8624058459205	-0.608	-3.73203386481593	-0.608	0	0	0	164918.4	0	4
-3.73203386481593	-0.608	-3.60166188371137	-0.608	0	0	0	164918.4	0	4
-3.60166188371137	-0.608	-3.4712899026068	-0.608	0	0	0	164918.4	0	4
-3.4712899026068	-0.608	-3.34091792150223	-0.608	0	0	0	164918.4	0	4
-3.34091792150223	-0.608	-3.21054594039767	-0.608	0	0	0	164918.4	0	4
-3.21054594039767	-0.608	-3.0801739592931	-0.608	0	0	0	164918.4	0	4
-3.0801739592931	-0.608	-2.94980197818854	-0.608	0	0	0	164918.4	0	4
-2.94980197818854	-0.608	-2.81942999708397	-0.608	0	0	0	164918.4	0	4
-2.81942999708397	-0.608	-2.6890580159794	-0.608	0	0	0	164918.4	0	4
-2.6890580159794	-0.608	-2.55868603487484	-0.608	0	0	0	164918.4	0	4
-2.55868603487484	-0.608	-2.42831405377027	-0.608	0	0	0	164918.4	0	4
-2.42831405377027	-0.608	-2.29794207266571	-0.608	0	0	0	164918.4	0	4
-2.29794207266571	-0.608	-2.16757009156114	-0.608	0	0	0	164918.4	0	4
-2.16757009156114	-0.608	-2.03719811045658	-0.608	0	0	0	164918.4	0	4
-2.03719811045658	-0.608	-1.90682612935201	-0.608	0	0	0	164918.4	0	4
-1.90682612935201	-0.608	-1.77645414824744	-0.608	0	0	0	164918.4	0	4
-1.77645414824744	-0.608	-1.64608216714288	-0.608	0	0	0	164918.4	0	4
-1.64608216714288	-0.608	-1.51571018603831	-0.608	0	0	0	164918.4	0	4
-1.51571018603831	-0.608	-1.38533820493375	-0.608	0	0	0	164918.4	0	4
-1.38533820493375	-0.608	-1.25496622382918	-0.608	0	0	0	164918.4	0	4
-1.25496622382918	-0.608	-1.12459424272462	-0.608	0	0	0	164918.4	0	4
-1.12459424272462	-0.608	-0.99422226162005	-0.608	0	0	0	164918.4	0	4
-0.99422226162005	-0.608	-0.863850280515484	-0.608	0	0	0	164918.4	0	4
-0.863850280515484	-0.608	-0.733478299410917	-0.608	0	0	0	164918.4	0	4
-0.733478299410917	-0.608	-0.603106318306352	-0.608	0	0	0	164918.4	0	4
-0.603106318306352	-0.608	-0.472734337201787	-0.608	0	0	0	164918.4	0	4
-0.472734337201787	-0.608	-0.342362356097221	-0.608	0	0	0	164918.4	0	4
-0.342362356097221	-0.608	-0.211990374992656	-0.608	0	0	0	164918.4	0	4
-0.211990374992656	-0.608	-0.081618393888089	-0.608	0	0	0	164918.4	0	4
-0.081618393888089	-0.608	0.0487535872164759	-0.608	0	0	0	164918.4	0	4
0.0487535872164759	-0.608	0.179125568321043	-0.608	0	0	0	164918.4	0	4
0.179125568321043	-0.608	0.309497549425608	-0.608	0	0	0	164918.4	0	4
0.309497549425608	-0.608	0.439869530530174	-0.608	0	0	0	164918.4	0	4
0.439869530530174	-0.608	0.570241511634739	-0.608	0	0	0	164918.4	0	4
0.570241511634739	-0.608	0.700613492739306	-0.608	0	0	0	164918.4	0	4
0.700613492739306	-0.608	0.830985473843871	-0.608	0	0	0	164918.4	0	4
0.830985473843871	-0.608	0.961357454948438	-0.608	0	0	0	164918.4	0	4
0.961357454948438	-0.608	1.091729436053	-0.608	0	0	0	164918.4	0	4
1.091729436053	-0.608	1.22210141715757	-0.608	0	0	0	164918.4	0	4
1.22210141715757	-0.608	1.35247339826213	-0.608	0	0	0	164918.4	0	4
1.35247339826213	-0.608	1.4828453793667	-0.608	0	0	0	164918.4	0	4
1.4828453793667	-0.608	1.61321736047126	-0.608	0	0	0	164918.4	0	4
1.61321736047126	-0.608	1.74358934157583	-0.608	0	0	0	164918.4	0	4
1.74358934157583	-0.608	1.8739613226804	-0.608	0	0	0	164918.4	0	4
1.8739613226804	-0.608	2.00433330378496	-0.608	0	0	0	164918.4	0	4
2.00433330378496	-0.608	2.13470528488953	-0.608	0	0	0	164918.4	0	4
2.13470528488953	-0.608	2.26507726599409	-0.608	0	0	0	164918.4	0	4
2.26507726599409	-0.608	2.39544924709866	-0.608	0	0	0	164918.4	0	4
2.39544924709866	-0.608	2.52582122820323	-0.608	0	0	0	164918.4	0	4
2.52582122820323	-0.608	2.65619320930779	-0.608	0	0	0	164918.4	0	4
2.65619320930779	-0.608	2.78656519041236	-0.608	0	0	0	164918.4	0	4
2.78656519041236	-0.608	2.91693717151692	-0.608	0	0	0	164918.4	0	4
2.91693717151692	-0.608	3.04730915262149	-0.608	0	0	0	164918.4	0	4
3.04730915262149	-0.608	3.17768113372605	-0.608	0	0	0	164918.4	0	4
3.17768113372605	-0.608	3.30805311483062	-0.608	0	0	0	164918.4	0	4
3.30805311483062	-0.608	3.43842509593519	-0.608	0	0	0	164918.4	0	4
3.43842509593519	-0.608	3.56879707703975	-0.608	0	0	0	164918.4	0	4
3.56879707703975	-0.608	3.69916905814432	-0.608	0	0	0	164918.4	0	4
3.69916905814432	-0.608	3.82954103924888	-0.608	0	0	0	164918.4	0	4
3.82954103924888	-0.608	3.95991302035345	-0.608	0	0	0	164918.4	0	4
3.95991302035345	-0.608	4.09028500145801	-0.608	0	0	0	164918.4	0	4
4.09028500145801	-0.608	4.22065698256258	-0.608	0	0	0	164918.4	0	4
4.22065698256258	-0.608	4.35102896366715	-0.608	0	0	0	164918.4	0	4
4.35102896366715	-0.608	4.48140094477171	-0.608	0	0	0	164918.4	0	4
4.48140094477171	-0.608	4.61177292587628	-0.608	0	0	0	164918.4	0	4
4.61177292587628	-0.608	4.74214490698084	-0.608	0	0	0	164918.4	0	4
4.74214490698084	-0.608	4.87251688808541	-0.608	0	0	0	164918.4	0	4
4.87251688808541	-0.608	5.00288886918997	-0.608	0	0	0	164918.4	0	4
5.00288886918997	-0.608	5.13326085029454	-0.608	0	0	0	164918.4	0	4
5.13326085029454	-0.608	5.26363283139911	-0.608	0	0	0	164918.4	0	4
5.26363283139911	-0.608	5.39400481250367	-0.608	0	0	0	164918.4	0	4
5.39400481250367	-0.608	5.52437679360824	-0.608	0	0	0	164918.4	0	4
5.52437679360824	-0.608	5.6547487747128	-0.608	0	0	0	164918.4	0	4
5.6547487747128	-0.608	5.78512075581737	-0.608	0	0	0	164918.4	0	4
5.78512075581737	-0.608	5.91549273692193	-0.608	0	0	0	164918.4	0	4
5.91549273692193	-0.608	6.0458647180265	-0.608	0	0	0	164918.4	0	4
6.0458647180265	-0.608	6.17623669913107	-0.608	0	0	0	164918.4	0	4
6.17623669913107	-0.608	6.30660868023563	-0.608	0	0	0	164918.4	0	4
6.30660868023563	-0.608	6.4369806613402	-0.608	0	0	0	164918.4	0	4
6.4369806613402	-0.608	6.56735264244476	-0.608	0	0	0	164918.4	0	4
6.56735264244476	-0.608	6.69772462354933	-0.608	0	0	0	164918.4	0	4
6.69772462354933	-0.608	6.8280966046539	-0.608	0	0	0	164918.4	0	4
6.8280966046539	-0.608	6.95846858575846	-0.608	0	0	0	164918.4	0	4
6.95846858575846	-0.608	7.08884056686303	-0.608	0	0	0	164918.4	0	4
7.08884056686303	-0.608	7.21921254796759	-0.608	0	0	0	164918.4	0	4
7.21921254796759	-0.608	7.34958452907216	-0.608	0	0	0	164918.4	0	4
7.34958452907216	-0.608	7.47995651017672	-0.608	0	0	0	164918.4	0	4
7.47995651017672	-0.608	7.61032849128129	-0.608	0	0	0	164918.4	0	4
7.61032849128129	-0.608	7.74070047238586	-0.608	0	0	0	164918.4	0	4
7.74070047238586	-0.608	7.87107245349042	-0.608	0	0	0	164918.4	0	4
7.87107245349042	-0.608	8.00144443459499	-0.608	0	0	0	164918.4	0	4
8.00144443459499	-0.608	8.13181641569955	-0.608	0	0	0	164918.4	0	4
8.13181641569955	-0.608	8.26218839680412	-0.608	0	0	0	164918.4	0	4
8.26218839680412	-0.608	8.39256037790868	-0.608	0	0	0	164918.4	0	4
8.39256037790868	-0.608	8.52293235901325	-0.608	0	0	0	164918.4	0	4
8.52293235901325	-0.608	8.65330434011782	-0.608	0	0	0	164918.4	0	4
8.65330434011782	-0.608	8.78367632122238	-0.608	0	0	0	164918.4	0	4
8.78367632122238	-0.608	8.91404830232695	-0.608	0	0	0	164918.4	0	4
8.91404830232695	-0.608	9.04442028343151	-0.608	0	0	0	164918.4	0	4
9.04442028343151	-0.608	9.17479226453608	-0.608	0	0	0	164918.4	0	4
9.17479226453608	-0.608	9.30516424564065	-0.608	0	0	0	164918.4	0	4
9.30516424564065	-0.608	9.43553622674521	-0.608	0	0	0	164918.4	0	4
9.43553622674521	-0.608	9.56590820784978	-0.608	0	0	0	164918.4	0	4
9.56590820784978	-0.608	9.69628018895434	-0.608	0	0	0	164918.4	0	4
9.69628018895434	-0.608	9.82665217005891	-0.608	0	0	0	164918.4	0	4
9.82665217005891	-0.608	9.95702415116347	-0.608	0	0	0	164918.4	0	4
9.95702415116347	-0.608	10.087396132268	-0.608	0	0	0	164918.4	0	4
10.087396132268	-0.608	10.2177681133726	-0.608	0	0	0	164918.4	0	4
10.2177681133726	-0.608	10.3481400944772	-0.608	0	0	0	164918.4	0	4
10.3481400944772	-0.608	10.4785120755817	-0.608	0	0	0	164918.4	0	4
10.4785120755817	-0.608	10.6088840566863	-0.608	0	0	0	164918.4	0	4
10.6088840566863	-0.608	10.7392560377909	-0.608	0	0	0	164918.4	0	4
10.7392560377909	-0.608	10.8696280188954	-0.608	0	0	0	164918.4	0	4
10.8696280188954	-0.608	11	-0.608	0	0	0	164918.4	0	4
-11	-1.006	-10.8694074708374	-1.006	0	0	0	266328800	0	5
-10.8694074708374	-1.006	-10.7388149416748	-1.006	0	0	0	266328800	0	5
-10.7388149416748	-1.006	-10.6082224125122	-1.006	0	0	0	266328800	0	5
-10.6082224125122	-1.006	-10.4776298833496	-1.006	0	0	0	266328800	0	5
-10.4776298833496	-1.006	-10.347037354187	-1.006	0	0	0	266328800	0	5
-10.347037354187	-1.006	-10.2164448250245	-1.006	0	0	0	266328800	0	5
-10.2164448250245	-1.006	-10.0858522958619	-1.006	0	0	0	266328800	0	5
-10.0858522958619	-1.006	-9.95525976669927	-1.006	0	0	0	266328800	0	5
-9.95525976669927	-1.006	-9.82466723753668	-1.006	0	0	0	266328800	0	5
-9.82466723753668	-1.006	-9.69407470837409	-1.006	0	0	0	266328800	0	5
-9.69407470837409	-1.006	-9.5634821792115	-1.006	0	0	0	266328800	0	5
-9.5634821792115	-1.006	-9.43288965004891	-1.006	0	0	0	266328800	0	5
-9.43288965004891	-1.006	-9.30229712088632	-1.006	0	0	0	266328800	0	5
-9.30229712088632	-1.006	-9.17170459172373	-1.006	0	0	0	266328800	0	5
-9.17170459172373	-1.006	-9.04111206256113	-1.006	0	0	0	266328800	0	5
-9.04111206256113	-1.006	-8.91051953339854	-1.006	0	0	0	266328800	0	5
-8.91051953339854	-1.006	-8.77992700423595	-1.006	0	0	0	266328800	0	5
-8.77992700423595	-1.006	-8.64933447507336	-1.006	0	0	0	266328800	0	5
-8.64933447507336	-1.006	-8.51874194591077	-1.006	0	0	0	266328800	0	5
-7.99731963234795	-1.006	-7.86720100472912	-1.006	0	0	0	266328.8	0	6
-7.86720100472912	-1.006	-7.7370823771103	-1.006	0	0	0	266328.8	0	6
-7.7370823771103	-1.006	-7.60696374949148	-1.006	0	0	0	266328.8	0	6
-7.60696374949148	-1.006	-7.47684512187266	-1.006	0	0	0	266328.8	0	6
-7.47684512187266	-1.006	-7.34672649425384	-1.006	0	0	0	266328.8	0	6
-7.34672649425384	-1.006	-7.21660786663502	-1.006	0	0	0	266328.8	0	6
-7.21660786663502	-1.006	-7.08648923901619	-1.006	0	0	0	266328.8	0	6
-7.08648923901619	-1.006	-6.95637061139737	-1.006	0	0	0	266328.8	0	6
-6.95637061139737	-1.006	-6.82625198377855	-1.006	0	0	0	266328.8	0	6
-6.82625198377855	-1.006	-6.69613335615973	-1.006	0	0	0	266328.8	0	6
-6.69613335615973	-1.006	-6.56601472854091	-1.006	0	0	0	266328.8	0	6
-6.56601472854091	-1.006	-6.43589610092209	-1.006	0	0	0	266328.8	0	6
-6.43589610092209	-1.006	-6.30577747330326	-1.006	0	0	0	266328.8	0	6
-6.30577747330326	-1.006	-6.17565884568444	-1.006	0	0	0	266328.8	0	6
-6.17565884568444	-1.006	-6.04554021806562	-1.006	0	0	0	266328.8	0	6
-6.04554021806562	-1.006	-5.9154215904468	-1.006	0	0	0	266328.8	0	6
-5.9154215904468	-1.006	-5.78530296282798	-1.006	0	0	0	266328.8	0	6
-5.78530296282798	-1.006	-5.65518433520916	-1.006	0	0	0	266328.8	0	6
-5.65518433520916	-1.006	-5.52506570759034	-1.006	0	0	0	266328.8	0	6
-5.52506570759034	-1.006	-5.39494707997151	-1.006	0	0	0	266328.8	0	6
-5.39494707997151	-1.006	-5.26482845235269	-1.006	0	0	0	266328.8	0	6
-5.26482845235269	-1.006	-5.13470982473387	-1.006	0	0	0	266328.8	0	6
-5.13470982473387	-1.006	-5.00459119711505	-1.006	0	0	0	266328.8	0	6
-5.00459119711505	-1.006	-4.87447256949623	-1.006	0	0	0	266328.8	0	6
-4.87447256949623	-1.006	-4.74435394187741	-1.006	0	0	0	266328.8	0	6
-4.74435394187741	-1.006	-4.61423531425859	-1.006	0	0	0	266328.8	0	6
-4.61423531425859	-1.006	-4.48411668663976	-1.006	0	0	0	266328.8	0	6
-4.48411668663976	-1.006	-4.35399805902094	-1.006	0	0	0	266328.8	0	6
-4.35399805902094	-1.006	-4.22387943140212	-1.006	0	0	0	266328.8	0	6
-4.22387943140212	-1.006	-4.0937608037833	-1.006	0	0	0	266328.8	0	6
-4.0937608037833	-1.006	-3.96364217616448	-1.006	0	0	0	266328.8	0	6
-3.96364217616448	-1.006	-3.83352354854566	-1.006	0	0	0	266328.8	0	6
-3.83352354854566	-1.006	-3.70340492092683	-1.006	0	0	0	266328.8	0	6
-3.70340492092683	-1.006	-3.57328629330801	-1.006	0	0	0	266328.8	0	6
-3.57328629330801	-1.006	-3.44316766568919	-1.006	0	0	0	266328.8	0	6
-3.44316766568919	-1.006	-3.31304903807037	-1.006	0	0	0	266328.8	0	6
-3.31304903807037	-1.006	-3.18293041045155	-1.006	0	0	0	266328.8	0	6
-3.18293041045155	-1.006	-3.05281178283273	-1.006	0	0	0	266328.8	0	6
-3.05281178283273	-1.006	-2.92269315521391	-1.006	0	0	0	266328.8	0	6
-2.92269315521391	-1.006	-2.79257452759508	-1.006	0	0	0	266328.8	0	6
-2.79257452759508	-1.006	-2.66245589997626	-1.006	0	0	0	266328.8	0	6
-2.66245589997626	-1.006	-2.53233727235744	-1.006	0	0	0	266328.8	0	6
-2.53233727235744	-1.006	-2.40221864473862	-1.006	0	0	0	266328.8	0	6
-2.40221864473862	-1.006	-2.2721000171198	-1.006	0	0	0	266328.8	0	6
-2.2721000171198	-1.006	-2.14198138950098	-1.006	0	0	0	266328.8	0	6
-2.14198138950098	-1.006	-2.01186276188215	-1.006	0	0	0	266328.8	0	6
-2.01186276188215	-1.006	-1.88174413426333	-1.006	0	0	0	266328.8	0	6
-1.88174413426333	-1.006	-1.75162550664451	-1.006	0	0	0	266328.8	0	6
-1.75162550664451	-1.006	-1.62150687902569	-1.006	0	0	0	266328.8	0	6
-1.62150687902569	-1.006	-1.49138825140687	-1.006	0	0	0	266328.8	0	6
-1.49138825140687	-1.006	-1.36126962378805	-1.006	0	0	0	266328.8	0	6
-1.36126962378805	-1.006	-1.23115099616922	-1.006	0	0	0	266328.8	0	6
-1.23115099616922	-1.006	-1.1010323685504	-1.006	0	0	0	266328.8	0	6
-1.1010323685504	-1.006	-0.970913740931582	-1.006	0	0	0	266328.8	0	6
-0.970913740931582	-1.006	-0.840795113312761	-1.006	0	0	0	266328.8	0	6
-0.840795113312761	-1.006	-0.71067648569394	-1.006	0	0	0	266328.8	0	6
-0.71067648569394	-1.006	-0.580557858075117	-1.006	0	0	0	266328.8	0	6
-0.580557858075117	-1.006	-0.450439230456296	-1.006	0	0	0	266328.8	0	6
-0.450439230456296	-1.006	-0.320320602837475	-1.006	0	0	0	266328.8	0	6
-0.320320602837475	-1.006	-0.190201975218653	-1.006	0	0	0	266328.8	0	6
-0.190201975218653	-1.006	-0.0600833475998321	-1.006	0	0	0	266328.8	0	6
-0.0600833475998321	-1.006	0.0700352800189901	-1.006	0	0	0	266328.8	0	6
0.0700352800189901	-1.006	0.200153907637812	-1.006	0	0	0	266328.8	0	6
0.200153907637812	-1.006	0.330272535256633	-1.006	0	0	0	266328.8	0	6
0.330272535256633	-1.006	0.460391162875455	-1.006	0	0	0	266328.8	0	6
0.460391162875455	-1.006	0.590509790494275	-1.006	0	0	0	266328.8	0	6
0.590509790494275	-1.006	0.720628418113098	-1.006	0	0	0	266328.8	0	6
0.720628418113098	-1.006	0.85074704573192	-1.006	0	0	0	266328.8	0	6
0.85074704573192	-1.006	0.98086567335074	-1.006	0	0	0	266328.8	0	6
0.98086567335074	-1.006	1.11098430096956	-1.006	0	0	0	266328.8	0	6
1.11098430096956	-1.006	1.24110292858838	-1.006	0	0	0	266328.8	0	6
1.24110292858838	-1.006	1.37122155620721	-1.006	0	0	0	266328.8	0	6
1.37122155620721	-1.006	1.50134018382603	-1.006	0	0	0	266328.8	0	6
1.50134018382603	-1.006	1.63145881144485	-1.006	0	0	0	266328.8	0	6
1.63145881144485	-1.006	1.76157743906367	-1.006	0	0	0	266328.8	0	6
1.76157743906367	-1.006	1.89169606668249	-1.006	0	0	0	266328.8	0	6
1.89169606668249	-1.006	2.02181469430131	-1.006	0	0	0	266328.8	0	6
2.02181469430131	-1.006	2.15193332192014	-1.006	0	0	0	266328.8	0	6
2.15193332192014	-1.006	2.28205194953896	-1.006	0	0	0	266328.8	0	6
2.28205194953896	-1.006	2.41217057715778	-1.006	0	0	0	266328.8	0	6
2.41217057715778	-1.006	2.5422892047766	-1.006	0	0	0	266328.8	0	6
2.5422892047766	-1.006	2.67240783239542	-1.006	0	0	0	266328.8	0	6
2.67240783239542	-1.006	2.80252646001424	-1.006	0	0	0	266328.8	0	6
2.80252646001424	-1.006	2.93264508763306	-1.006	0	0	0	266328.8	0	6
2.93264508763306	-1.006	3.06276371525189	-1.006	0	0	0	266328.8	0	6
3.06276371525189	-1.006	3.19288234287071	-1.006	0	0	0	266328.8	0	6
3.19288234287071	-1.006	3.32300097048953	-1.006	0	0	0	266328.8	0	6
3.32300097048953	-1.006	3.45311959810835	-1.006	0	0	0	266328.8	0	6
3.45311959810835	-1.006	3.58323822572717	-1.006	0	0	0	266328.8	0	6
3.58323822572717	-1.006	3.71335685334599	-1.006	0	0	0	266328.8	0	6
3.71335685334599	-1.006	3.84347548096482	-1.006	0	0	0	266328.8	0	6
3.84347548096482	-1.006	3.97359410858364	-1.006	0	0	0	266328.8	0	6
3.97359410858364	-1.006	4.10371273620246	-1.006	0	0	0	266328.8	0	6
4.10371273620246	-1.006	4.23383136382128	-1.006	0	0	0	266328.8	0	6
4.23383136382128	-1.006	4.3639499914401	-1.006	0	0	0	266328.8	0	6
4.3639499914401	-1.006	4.49406861905892	-1.006	0	0	0	266328.8	0	6
4.49406861905892	-1.006	4.62418724667774	-1.006	0	0	0	266328.8	0	6
4.62418724667774	-1.006	4.75430587429657	-1.006	0	0	0	266328.8	0	6
4.75430587429657	-1.006	4.88442450191539	-1.006	0	0	0	266328.8	0	6
4.88442450191539	-1.006	5.01454312953421	-1.006	0	0	0	266328.8	0	6
5.01454312953421	-1.006	5.14466175715303	-1.006	0	0	0	266328.8	0	6
5.14466175715303	-1.006	5.27478038477185	-1.006	0	0	0	266328.8	0	6
5.27478038477185	-1.006	5.40489901239067	-1.006	0	0	0	266328.8	0	6
5.40489901239067	-1.006	5.5350176400095	-1.006	0	0	0	266328.8	0	6
5.5350176400095	-1.006	5.66513626762832	-1.006	0	0	0	266328.8	0	6
5.66513626762832	-1.006	5.79525489524714	-1.006	0	0	0	266328.8	0	6
5.79525489524714	-1.006	5.92537352286596	-1.006	0	0	0	266328.8	0	6
5.92537352286596	-1.006	6.05549215048478	-1.006	0	0	0	266328.8	0	6
6.05549215048478	-1.006	6.1856107781036	-1.006	0	0	0	266328.8	0	6
6.1856107781036	-1.006	6.31572940572242	-1.006	0	0	0	266328.8	0	6
6.31572940572242	-1.006	6.44584803334125	-1.006	0	0	0	266328.8	0	6
6.44584803334125	-1.006	6.57596666096007	-1.006	0	0	0	266328.8	0	6
6.57596666096007	-1.006	6.70608528857889	-1.006	0	0	0	266328.8	0	6
6.70608528857889	-1.006	6.83620391619771	-1.006	0	0	0	266328.8	0	6
6.83620391619771	-1.006	6.96632254381653	-1.006	0	0	0	266328.8	0	6
6.96632254381653	-1.006	7.09644117143535	-1.006	0	0	0	266328.8	0	6
7.09644117143535	-1.006	7.22655979905418	-1.006	0	0	0	266328.8	0	6
7.22655979905418	-1.006	7.356678426673	-1.006	0	0	0	266328.8	0	6
7.356678426673	-1.006	7.48679705429182	-1.006	0	0	0	266328.8	0	6
7.48679705429182	-1.006	7.61691568191064	-1.006	0	0	0	266328.8	0	6
7.61691568191064	-1.006	7.74703430952946	-1.006	0	0	0	266328.8	0	6
7.74703430952946	-1.006	7.87715293714828	-1.006	0	0	0	266328.8	0	6
7.87715293714828	-1.006	8.00727156476711	-1.006	0	0	0	266328.8	0	6
8.00727156476711	-1.006	8.13739019238593	-1.006	0	0	0	266328.8	0	6
8.13739019238593	-1.006	8.26750882000475	-1.006	0	0	0	266328.8	0	6
8.26750882000475	-1.006	8.39762744762357	-1.006	0	0	0	266328.8	0	6
8.39762744762357	-1.006	8.52774607524239	-1.006	0	0	0	266328.8	0	6
8.52774607524239	-1.006	8.65786470286121	-1.006	0	0	0	266328.8	0	6
8.65786470286121	-1.006	8.78798333048003	-1.006	0	0	0	266328.8	0	6
8.78798333048003	-1.006	8.91810195809886	-1.006	0	0	0	266328.8	0	6
8.91810195809886	-1.006	9.04822058571768	-1.006	0	0	0	266328.8	0	6
9.04822058571768	-1.006	9.1783392133365	-1.006	0	0	0	266328.8	0	6
9.1783392133365	-1.006	9.30845784095532	-1.006	0	0	0	266328.8	0	6
9.30845784095532	-1.006	9.43857646857414	-1.006	0	0	0	266328.8	0	6
9.43857646857414	-1.006	9.56869509619296	-1.006	0	0	0	266328.8	0	6
9.56869509619296	-1.006	9.69881372381179	-1.006	0	0	0	266328.8	0	6
9.69881372381179	-1.006	9.82893235143061	-1.006	0	0	0	266328.8	0	6
9.82893235143061	-1.006	9.95905097904943	-1.006	0	0	0	266328.8	0	6
9.95905097904943	-1.006	10.0891696066682	-1.006	0	0	0	266328.8	0	6
10.0891696066682	-1.006	10.2192882342871	-1.006	0	0	0	266328.8	0	6
10.2192882342871	-1.006	10.3494068619059	-1.006	0	0	0	266328.8	0	6
10.3494068619059	-1.006	10.4795254895247	-1.006	0	0	0	266328.8	0	6
10.4795254895247	-1.006	10.6096441171435	-1.006	0	0	0	266328.8	0	6
10.6096441171435	-1.006	10.7397627447624	-1.006	0	0	0	266328.8	0	6
10.7397627447624	-1.006	10.8698813723812	-1.006	0	0	0	266328.8	0	6
10.8698813723812	-1.006	11	-1.006	0	0	0	266328.8	0	6
-11	-1.404	-10.8728955708975	-1.404	0	0	0	367739200	0	7
-10.8728955708975	-1.404	-10.7457911417949	-1.404	0	0	0	367739200	0	7
-10.7457911417949	-1.404	-10.6186867126924	-1.404	0	0	0	367739200	0	7
-10.6186867126924	-1.404	-10.4915822835899	-1.404	0	0	0	367739200	0	7
-10.4915822835899	-1.404	-10.3644778544874	-1.404	0	0	0	367739200	0	7
-10.3644778544874	-1.404	-10.2373734253848	-1.404	0	0	0	367739200	0	7
-10.2373734253848	-1.404	-10.1102689962823	-1.404	0	0	0	367739200	0	7
-10.1102689962823	-1.404	-9.9831645671798	-1.404	0	0	0	367739200	0	7
-9.9831645671798	-1.404	-9.85606013807727	-1.404	0	0	0	367739200	0	7
-9.85606013807727	-1.404	-9.72895570897475	-1.404	0	0	0	367739200	0	7
-9.72895570897475	-1.404	-9.60185127987222	-1.404	0	0	0	367739200	0	7
-9.60185127987222	-1.404	-9.47474685076969	-1.404	0	0	0	367739200	0	7
-9.47474685076969	-1.404	-9.34764242166717	-1.404	0	0	0	367739200	0	7
-9.34764242166717	-1.404	-9.22053799256464	-1.404	0	0	0	367739200	0	7
-9.22053799256464	-1.404	-9.09343356346212	-1.404	0	0	0	367739200	0	7
-9.09343356346212	-1.404	-8.96632913435959	-1.404	0	0	0	367739200	0	7
-8.96632913435959	-1.404	-8.83922470525707	-1.404	0	0	0	367739200	0	7
-8.83922470525707	-1.404	-8.71212027615454	-1.404	0	0	0	367739200	0	7
-8.71212027615454	-1.404	-8.58501584705202	-1.404	0	0	0	367739200	0	7
-8.58501584705202	-1.404	-8.45791141794949	-1.404	0	0	0	367739200	0	7
-8.45791141794949	-1.404	-8.33080698884697	-1.404	0	0	0	367739200	0	7
-8.33080698884697	-1.404	-8.20370255974444	-1.404	0	0	0	367739200	0	7
-8.20370255974444	-1.404	-8.07659813064192	-1.404	0	0	0	367739200	0	7
-8.07659813064192	-1.404	-7.94949370153939	-1.404	0	0	0	367739200	0	7
-7.94949370153939	-1.404	-7.82238927243686	-1.404	0	0	0	367739200	0	7
-7.30665674642573	-1.404	-7.17589491252269	-1.404	0	0	0	367739.2	0	8
-7.17589491252269	-1.404	-7.04513307861965	-1.404	0	0	0	367739.2	0	8
-7.04513307861965	-1.404	-6.91437124471661	-1.404	0	0	0	367739.2	0	8
-6.91437124471661	-1.404	-6.78360941081357	-1.404	0	0	0	367739.2	0	8
-6.78360941081357	-1.404	-6.65284757691053	-1.404	0	0	0	367739.2	0	8
-6.65284757691053	-1.404	-6.52208574300749	-1.404	0	0	0	367739.2	0	8
-6.52208574300749	-1.404	-6.39132390910444	-1.404	0	0	0	367739.2	0	8
-6.39132390910444	-1.404	-6.2605620752014	-1.404	0	0	0	367739.2	0	8
-6.2605620752014	-1.404	-6.12980024129836	-1.404	0	0	0	367739.2	0	8
-6.12980024129836	-1.404	-5.99903840739532	-1.404	0	0	0	367739.2	0	8
-5.99903840739532	-1.404	-5.86827657349228	-1.404	0	0	0	367739.2	0	8
-5.86827657349228	-1.404	-5.73751473958924	-1.404	0	0	0	367739.2	0	8
-5.73751473958924	-1.404	-5.6067529056862	-1.404	0	0	0	367739.2	0	8
-5.6067529056862	-1.404	-5.47599107178316	-1.404	0	0	0	367739.2	0	8
-5.47599107178316	-1.404	-5.34522923788012	-1.404	0	0	0	367739.2	0	8
-5.34522923788012	-1.404	-5.21446740397708	-1.404	0	0	0	367739.2	0	8
-5.21446740397708	-1.404	-5.08370557007404	-1.404	0	0	0	367739.2	0	8
-5.08370557007404	-1.404	-4.95294373617099	-1.404	0	0	0	367739.2	0	8
-4.95294373617099	-1.404	-4.82218190226795	-1.404	0	0	0	367739.2	0	8
-4.82218190226795	-1.404	-4.69142006836491	-1.404	0	0	0	367739.2	0	8
-4.69142006836491	-1.404	-4.56065823446187	-1.404	0	0	0	367739.2	0	8
-4.56065823446187	-1.404	-4.42989640055883	-1.404	0	0	0	367739.2	0	8
-4.42989640055883	-1.404	-4.29913456665579	-1.404	0	0	0	367739.2	0	8
-4.29913456665579	-1.404	-4.16837273275275	-1.404	0	0	0	367739.2	0	8
-4.16837273275275	-1.404	-4.03761089884971	-1.404	0	0	0	367739.2	0	8
-4.03761089884971	-1.404	-3.90684906494667	-1.404	0	0	0	367739.2	0	8
-3.90684906494667	-1.404	-3.77608723104363	-1.404	0	0	0	367739.2	0	8
-3.77608723104363	-1.404	-3.64532539714059	-1.404	0	0	0	367739.2	0	8
-3.64532539714059	-1.404	-3.51456356323754	-1.404	0	0	0	367739.2	0	8
-3.51456356323754	-1.404	-3.3838017293345	-1.404	0	0	0	367739.2	0	8
-3.3838017293345	-1.404	-3.25303989543146	-1.404	0	0	0	367739.2	0	8
-3.25303989543146	-1.404	-3.12227806152842	-1.404	0	0	0	367739.2	0	8
-3.12227806152842	-1.404	-2.99151622762538	-1.404	0	0	0	367739.2	0	8
-2.99151622762538	-1.404	-2.86075439372234	-1.404	0	0	0	367739.2	0	8
-2.86075439372234	-1.404	-2.7299925598193	-1.404	0	0	0	367739.2	0	8
-2.7299925598193	-1.404	-2.59923072591626	-1.404	0	0	0	367739.2	0	8
-2.59923072591626	-1.404	-2.46846889201322	-1.404	0	0	0	367739.2	0	8
-2.46846889201322	-1.404	-2.33770705811018	-1.404	0	0	0	367739.2	0	8
-2.33770705811018	-1.404	-2.20694522420714	-1.404	0	0	0	367739.2	0	8
-2.20694522420714	-1.404	-2.0761833903041	-1.404	0	0	0	367739.2	0	8
-2.0761833903041	-1.404	-1.94542155640105	-1.404	0	0	0	367739.2	0	8
-1.94542155640105	-1.404	-1.81465972249801	-1.404	0	0	0	367739.2	0	8
-1.81465972249801	-1.404	-1.68389788859497	-1.404	0	0	0	367739.2	0	8
-1.68389788859497	-1.404	-1.55313605469193	-1.404	0	0	0	367739.2	0	8
-1.55313605469193	-1.404	-1.42237422078889	-1.404	0	0	0	367739.2	0	8
-1.42237422078889	-1.404	-1.29161238688585	-1.404	0	0	0	367739.2	0	8
-1.29161238688585	-1.404	-1.16085055298281	-1.404	0	0	0	367739.2	0	8
-1.16085055298281	-1.404	-1.03008871907977	-1.404	0	0	0	367739.2	0	8
-1.03008871907977	-1.404	-0.899326885176727	-1.404	0	0	0	367739.2	0	8
-0.899326885176727	-1.404	-0.768565051273685	-1.404	0	0	0	367739.2	0	8
-0.768565051273685	-1.404	-0.637803217370645	-1.404	0	0	0	367739.2	0	8
-0.637803217370645	-1.404	-0.507041383467604	-1.404	0	0	0	367739.2	0	8
-0.507041383467604	-1.404	-0.376279549564563	-1.404	0	0	0	367739.2	0	8
-0.376279549564563	-1.404	-0.245517715661522	-1.404	0	0	0	367739.2	0	8
-0.245517715661522	-1.404	-0.114755881758481	-1.404	0	0	0	367739.2	0	8
-0.114755881758481	-1.404	0.0160059521445595	-1.404	0	0	0	367739.2	0	8
0.0160059521445595	-1.404	0.146767786047601	-1.404	0	0	0	367739.2	0	8
0.146767786047601	-1.404	0.277529619950641	-1.404	0	0	0	367739.2	0	8
0.277529619950641	-1.404	0.408291453853683	-1.404	0	0	0	367739.2	0	8
0.408291453853683	-1.404	0.539053287756724	-1.404	0	0	0	367739.2	0	8
0.539053287756724	-1.404	0.669815121659765	-1.404	0	0	0	367739.2	0	8
0.669815121659765	-1.404	0.800576955562805	-1.404	0	0	0	367739.2	0	8
0.800576955562805	-1.404	0.931338789465846	-1.404	0	0	0	367739.2	0	8
0.931338789465846	-1.404	1.06210062336889	-1.404	0	0	0	367739.2	0	8
1.06210062336889	-1.404	1.19286245727193	-1.404	0	0	0	367739.2	0	8
1.19286245727193	-1.404	1.32362429117497	-1.404	0	0	0	367739.2	0	8
1.32362429117497	-1.404	1.45438612507801	-1.404	0	0	0	367739.2	0	8
1.45438612507801	-1.404	1.58514795898105	-1.404	0	0	0	367739.2	0	8
1.58514795898105	-1.404	1.71590979288409	-1.404	0	0	0	367739.2	0	8
1.71590979288409	-1.404	1.84667162678714	-1.404	0	0	0	367739.2	0	8
1.84667162678714	-1.404	1.97743346069018	-1.404	0	0	0	367739.2	0	8
1.97743346069018	-1.404	2.10819529459322	-1.404	0	0	0	367739.2	0	8
2.10819529459322	-1.404	2.23895712849626	-1.404	0	0	0	367739.2	0	8
2.23895712849626	-1.404	2.3697189623993	-1.404	0	0	0	367739.2	0	8
2.3697189623993	-1.404	2.50048079630234	-1.404	0	0	0	367739.2	0	8
2.50048079630234	-1.404	2.63124263020538	-1.404	0	0	0	367739.2	0	8
2.63124263020538	-1.404	2.76200446410842	-1.404	0	0	0	367739.2	0	8
2.76200446410842	-1.404	2.89276629801146	-1.404	0	0	0	367739.2	0	8
2.89276629801146	-1.404	3.0235281319145	-1.404	0	0	0	367739.2	0	8
3.0235281319145	-1.404	3.15428996581755	-1.404	0	0	0	367739.2	0	8
3.15428996581755	-1.404	3.28505179972059	-1.404	0	0	0	367739.2	0	8
3.28505179972059	-1.404	3.41581363362363	-1.404	0	0	0	367739.2	0	8
3.41581363362363	-1.404	3.54657546752667	-1.404	0	0	0	367739.2	0	8
3.54657546752667	-1.404	3.67733730142971	-1.404	0	0	0	367739.2	0	8
3.67733730142971	-1.404	3.80809913533275	-1.404	0	0	0	367739.2	0	8
3.80809913533275	-1.404	3.93886096923579	-1.404	0	0	0	367739.2	0	8
3.93886096923579	-1.404	4.06962280313883	-1.404	0	0	0	367739.2	0	8
4.06962280313883	-1.404	4.20038463704187	-1.404	0	0	0	367739.2	0	8
4.20038463704187	-1.404	4.33114647094491	-1.404	0	0	0	367739.2	0	8
4.33114647094491	-1.404	4.46190830484795	-1.404	0	0	0	367739.2	0	8
4.46190830484795	-1.404	4.592670138751	-1.404	0	0	0	367739.2	0	8
4.592670138751	-1.404	4.72343197265404	-1.404	0	0	0	367739.2	0	8
4.72343197265404	-1.404	4.85419380655708	-1.404	0	0	0	367739.2	0	8
4.85419380655708	-1.404	4.98495564046012	-1.404	0	0	0	367739.2	0	8
4.98495564046012	-1.404	5.11571747436316	-1.404	0	0	0	367739.2	0	8
5.11571747436316	-1.404	5.2464793082662	-1.404	0	0	0	367739.2	0	8
5.2464793082662	-1.404	5.37724114216924	-1.404	0	0	0	367739.2	0	8
5.37724114216924	-1.404	5.50800297607228	-1.404	0	0	0	367739.2	0	8
5.50800297607228	-1.404	5.63876480997532	-1.404	0	0	0	367739.2	0	8
5.63876480997532	-1.404	5.76952664387836	-1.404	0	0	0	367739.2	0	8
5.76952664387836	-1.404	5.9002884777814	-1.404	0	0	0	367739.2	0	8
5.9002884777814	-1.404	6.03105031168444	-1.404	0	0	0	367739.2	0	8
6.03105031168444	-1.404	6.16181214558749	-1.404	0	0	0	367739.2	0	8
6.16181214558749	-1.404	6.29257397949053	-1.404	0	0	0	367739.2	0	8
6.29257397949053	-1.404	6.42333581339357	-1.404	0	0	0	367739.2	0	8
6.42333581339357	-1.404	6.55409764729661	-1.404	0	0	0	367739.2	0	8
6.55409764729661	-1.404	6.68485948119965	-1.404	0	0	0	367739.2	0	8
6.68485948119965	-1.404	6.81562131510269	-1.404	0	0	0	367739.2	0	8
6.81562131510269	-1.404	6.94638314900573	-1.404	0	0	0	367739.2	0	8
6.94638314900573	-1.404	7.07714498290877	-1.404	0	0	0	367739.2	0	8
7.07714498290877	-1.404	7.20790681681181	-1.404	0	0	0	367739.2	0	8
7.20790681681181	-1.404	7.33866865071485	-1.404	0	0	0	367739.2	0	8
7.33866865071485	-1.404	7.4694304846179	-1.404	0	0	0	367739.2	0	8
7.4694304846179	-1.404	7.60019231852094	-1.404	0	0	0	367739.2	0	8
7.60019231852094	-1.404	7.73095415242398	-1.404	0	0	0	367739.2	0	8
7.73095415242398	-1.404	7.86171598632702	-1.404	0	0	0	367739.2	0	8
7.86171598632702	-1.404	7.99247782023006	-1.404	0	0	0	367739.2	0	8
7.99247782023006	-1.404	8.1232396541331	-1.404	0	0	0	367739.2	0	8
8.1232396541331	-1.404	8.25400148803614	-1.404	0	0	0	367739.2	0	8
8.25400148803614	-1.404	8.38476332193918	-1.404	0	0	0	367739.2	0	8
8.38476332193918	-1.404	8.51552515584222	-1.404	0	0	0	367739.2	0	8
8.51552515584222	-1.404	8.64628698974526	-1.404	0	0	0	367739.2	0	8
8.64628698974526	-1.404	8.7770488236483	-1.404	0	0	0	367739.2	0	8
8.7770488236483	-1.404	8.90781065755134	-1.404	0	0	0	367739.2	0	8
8.90781065755134	-1.404	9.03857249145439	-1.404	0	0	0	367739.2	0	8
9.03857249145439	-1.404	9.16933432535743	-1.404	0	0	0	367739.2	0	8
9.16933432535743	-1.404	9.30009615926047	-1.404	0	0	0	367739.2	0	8
9.30009615926047	-1.404	9.43085799316351	-1.404	0	0	0	367739.2	0	8
9.43085799316351	-1.404	9.56161982706655	-1.404	0	0	0	367739.2	0	8
9.56161982706655	-1.404	9.69238166096959	-1.404	0	0	0	367739.2	0	8
9.69238166096959	-1.404	9.82314349487263	-1.404	0	0	0	367739.2	0	8
9.82314349487263	-1.404	9.95390532877567	-1.404	0	0	0	367739.2	0	8
9.95390532877567	-1.404	10.0846671626787	-1.404	0	0	0	367739.2	0	8
10.0846671626787	-1.404	10.2154289965818	-1.404	0	0	0	367739.2	0	8
10.2154289965818	-1.404	10.3461908304848	-1.404	0	0	0	367739.2	0	8
10.3461908304848	-1.404	10.4769526643878	-1.404	0	0	0	367739.2	0	8
10.4769526643878	-1.404	10.6077144982909	-1.404	0	0	0	367739.2	0	8
10.6077144982909	-1.404	10.7384763321939	-1.404	0	0	0	367739.2	0	8
10.7384763321939	-1.404	10.869238166097	-1.404	0	0	0	367739.2	0	8
10.869238166097	-1.404	11	-1.404	0	0	0	367739.2	0	8
-11	-1.802	-10.8711608811499	-1.802	0	0	0	469149600	0	9
-10.8711608811499	-1.802	-10.7423217622998	-1.802	0	0	0	469149600	0	9
-10.7423217622998	-1.802	-10.6134826434497	-1.802	0	0	0	469149600	0	9
-10.6134826434497	-1.802	-10.4846435245997	-1.802	0	0	0	469149600	0	9
-10.4846435245997	-1.802	-10.3558044057496	-1.802	0	0	0	469149600	0	9
-10.3558044057496	-1.802	-10.2269652868995	-1.802	0	0	0	469149600	0	9
-10.2269652868995	-1.802	-10.0981261680494	-1.802	0	0	0	469149600	0	9
-10.0981261680494	-1.802	-9.96928704919931	-1.802	0	0	0	469149600	0	9
-9.96928704919931	-1.802	-9.84044793034923	-1.802	0	0	0	469149600	0	9
-9.84044793034923	-1.802	-9.71160881149914	-1.802	0	0	0	469149600	0	9
-9.71160881149914	-1.802	-9.58276969264906	-1.802	0	0	0	469149600	0	9
-9.58276969264906	-1.802	-9.45393057379897	-1.802	0	0	0	469149600	0	9
-9.45393057379897	-1.802	-9.32509145494888	-1.802	0	0	0	469149600	0	9
-9.32509145494888	-1.802	-9.1962523360988	-1.802	0	0	0	469149600	0	9
-9.1962523360988	-1.802	-9.06741321724871	-1.802	0	0	0	469149600	0	9
-9.06741321724871	-1.802	-8.93857409839863	-1.802	0	0	0	469149600	0	9
-8.93857409839863	-1.802	-8.80973497954854	-1.802	0	0	0	469149600	0	9
-8.80973497954854	-1.802	-8.68089586069845	-1.802	0	0	0	469149600	0	9
-8.68089586069845	-1.802	-8.55205674184837	-1.802	0	0	0	469149600	0	9
-8.55205674184837	-1.802	-8.42321762299828	-1.802	0	0	0	469149600	0	9
-8.42321762299828	-1.802	-8.2943785041482	-1.802	0	0	0	469149600	0	9
-8.2943785041482	-1.802	-8.16553938529811	-1.802	0	0	0	469149600	0	9
-8.16553938529811	-1.802	-8.03670026644802	-1.802	0	0	0	469149600	0	9
-8.03670026644802	-1.802	-7.90786114759794	-1.802	0	0	0	469149600	0	9
-7.90786114759794	-1.802	-7.77902202874785	-1.802	0	0	0	469149600	0	9
-7.77902202874785	-1.802	-7.65018290989777	-1.802	0	0	0	469149600	0	9
-7.65018290989777	-1.802	-7.52134379104768	-1.802	0	0	0	469149600	0	9
-7.52134379104768	-1.802	-7.39250467219759	-1.802	0	0	0	469149600	0	9
-7.39250467219759	-1.802	-7.26366555334751	-1.802	0	0	0	469149600	0	9
-7.26366555334751	-1.802	-7.13482643449742	-1.802	0	0	0	469149600	0	9
-6.61616793115058	-1.802	-6.48567779832724	-1.802	0	0	0	469149.6	0	10
-6.48567779832724	-1.802	-6.3551876655039	-1.802	0	0	0	469149.6	0	10
-6.3551876655039	-1.802	-6.22469753268056	-1.802	0	0	0	469149.6	0	10
-6.22469753268056	-1.802	-6.09420739985722	-1.802	0	0	0	469149.6	0	10
-6.09420739985722	-1.802	-5.96371726703389	-1.802	0	0	0	469149.6	0	10
-5.96371726703389	-1.802	-5.83322713421055	-1.802	0	0	0	469149.6	0	10
-5.83322713421055	-1.802	-5.70273700138721	-1.802	0	0	0	469149.6	0	10
-5.70273700138721	-1.802	-5.57224686856387	-1.802	0	0	0	469149.6	0	10
-5.57224686856387	-1.802	-5.44175673574054	-1.802	0	0	0	469149.6	0	10
-5.44175673574054	-1.802	-5.3112666029172	-1.802	0	0	0	469149.6	0	10
-5.3112666029172	-1.802	-5.18077647009386	-1.802	0	0	0	469149.6	0	10
-5.18077647009386	-1.802	-5.05028633727052	-1.802	0	0	0	469149.6	0	10
-5.05028633727052	-1.802	-4.91979620444719	-1.802	0	0	0	469149.6	0	10
-4.91979620444719	-1.802	-4.78930607162385	-1.802	0	0	0	469149.6	0	10
-4.78930607162385	-1.802	-4.65881593880051	-1.802	0	0	0	469149.6	0	10
-4.65881593880051	-1.802	-4.52832580597717	-1.802	0	0	0	469149.6	0	10
-4.52832580597717	-1.802	-4.39783567315384	-1.802	0	0	0	469149.6	0	10
-4.39783567315384	-1.802	-4.2673455403305	-1.802	0	0	0	469149.6	0	10
-4.2673455403305	-1.802	-4.13685540750716	-1.802	0	0	0	469149.6	0	10
-4.13685540750716	-1.802	-4.00636527468382	-1.802	0	0	0	469149.6	0	10
-4.00636527468382	-1.802	-3.87587514186049	-1.802	0	0	0	469149.6	0	10
-3.87587514186049	-1.802	-3.74538500903715	-1.802	0	0	0	469149.6	0	10
-3.74538500903715	-1.802	-3.61489487621381	-1.802	0	0	0	469149.6	0	10
-3.61489487621381	-1.802	-3.48440474339047	-1.802	0	0	0	469149.6	0	10
-3.48440474339047	-1.802	-3.35391461056714	-1.802	0	0	0	469149.6	0	10
-3.35391461056714	-1.802	-3.2234244777438	-1.802	0	0	0	469149.6	0	10
-3.2234244777438	-1.802	-3.09293434492046	-1.802	0	0	0	469149.6	0	10
-3.09293434492046	-1.802	-2.96244421209712	-1.802	0	0	0	469149.6	0	10
-2.96244421209712	-1.802	-2.83195407927378	-1.802	0	0	0	469149.6	0	10
-2.83195407927378	-1.802	-2.70146394645045	-1.802	0	0	0	469149.6	0	10
-2.70146394645045	-1.802	-2.57097381362711	-1.802	0	0	0	469149.6	0	10
-2.57097381362711	-1.802	-2.44048368080377	-1.802	0	0	0	469149.6	0	10
-2.44048368080377	-1.802	-2.30999354798043	-1.802	0	0	0	469149.6	0	10
-2.30999354798043	-1.802	-2.1795034151571	-1.802	0	0	0	469149.6	0	10
-2.1795034151571	-1.802	-2.04901328233376	-1.802	0	0	0	469149.6	0	10
-2.04901328233376	-1.802	-1.91852314951042	-1.802	0	0	0	469149.6	0	10
-1.91852314951042	-1.802	-1.78803301668708	-1.802	0	0	0	469149.6	0	10
-1.78803301668708	-1.802	-1.65754288386375	-1.802	0	0	0	469149.6	0	10
-1.65754288386375	-1.802	-1.52705275104041	-1.802	0	0	0	469149.6	0	10
-1.52705275104041	-1.802	-1.39656261821707	-1.802	0	0	0	469149.6	0	10
-1.39656261821707	-1.802	-1.26607248539373	-1.802	0	0	0	469149.6	0	10
-1.26607248539373	-1.802	-1.1355823525704	-1.802	0	0	0	469149.6	0	10
-1.1355823525704	-1.802	-1.00509221974706	-1.802	0	0	0	469149.6	0	10
-1.00509221974706	-1.802	-0.874602086923721	-1.802	0	0	0	469149.6	0	10
-0.874602086923721	-1.802	-0.744111954100383	-1.802	0	0	0	469149.6	0	10
-0.744111954100383	-1.802	-0.613621821277046	-1.802	0	0	0	469149.6	0	10
-0.613621821277046	-1.802	-0.483131688453708	-1.802	0	0	0	469149.6	0	10
-0.483131688453708	-1.802	-0.35264155563037	-1.802	0	0	0	469149.6	0	10
-0.35264155563037	-1.802	-0.222151422807033	-1.802	0	0	0	469149.6	0	10
-0.222151422807033	-1.802	-0.091661289983695	-1.802	0	0	0	469149.6	0	10
-0.091661289983695	-1.802	0.0388288428396422	-1.802	0	0	0	469149.6	0	10
0.0388288428396422	-1.802	0.16931897566298	-1.802	0	0	0	469149.6	0	10
0.16931897566298	-1.802	0.299809108486317	-1.802	0	0	0	469149.6	0	10
0.299809108486317	-1.802	0.430299241309655	-1.802	0	0	0	469149.6	0	10
0.430299241309655	-1.802	0.560789374132993	-1.802	0	0	0	469149.6	0	10
0.560789374132993	-1.802	0.69127950695633	-1.802	0	0	0	469149.6	0	10
0.69127950695633	-1.802	0.821769639779668	-1.802	0	0	0	469149.6	0	10
0.821769639779668	-1.802	0.952259772603005	-1.802	0	0	0	469149.6	0	10
0.952259772603005	-1.802	1.08274990542634	-1.802	0	0	0	469149.6	0	10
1.08274990542634	-1.802	1.21324003824968	-1.802	0	0	0	469149.6	0	10
1.21324003824968	-1.802	1.34373017107302	-1.802	0	0	0	469149.6	0	10
1.34373017107302	-1.802	1.47422030389636	-1.802	0	0	0	469149.6	0	10
1.47422030389636	-1.802	1.60471043671969	-1.802	0	0	0	469149.6	0	10
1.60471043671969	-1.802	1.73520056954303	-1.802	0	0	0	469149.6	0	10
1.73520056954303	-1.802	1.86569070236637	-1.802	0	0	0	469149.6	0	10
1.86569070236637	-1.802	1.99618083518971	-1.802	0	0	0	469149.6	0	10
1.99618083518971	-1.802	2.12667096801304	-1.802	0	0	0	469149.6	0	10
2.12667096801304	-1.802	2.25716110083638	-1.802	0	0	0	469149.6	0	10
2.25716110083638	-1.802	2.38765123365972	-1.802	0	0	0	469149.6	0	10
2.38765123365972	-1.802	2.51814136648306	-1.802	0	0	0	469149.6	0	10
2.51814136648306	-1.802	2.64863149930639	-1.802	0	0	0	469149.6	0	10
2.64863149930639	-1.802	2.77912163212973	-1.802	0	0	0	469149.6	0	10
2.77912163212973	-1.802	2.90961176495307	-1.802	0	0	0	469149.6	0	10
2.90961176495307	-1.802	3.04010189777641	-1.802	0	0	0	469149.6	0	10
3.04010189777641	-1.802	3.17059203059974	-1.802	0	0	0	469149.6	0	10
3.17059203059974	-1.802	3.30108216342308	-1.802	0	0	0	469149.6	0	10
3.30108216342308	-1.802	3.43157229624642	-1.802	0	0	0	469149.6	0	10
3.43157229624642	-1.802	3.56206242906976	-1.802	0	0	0	469149.6	0	10
3.56206242906976	-1.802	3.69255256189309	-1.802	0	0	0	469149.6	0	10
3.69255256189309	-1.802	3.82304269471643	-1.802	0	0	0	469149.6	0	10
3.82304269471643	-1.802	3.95353282753977	-1.802	0	0	0	469149.6	0	10
3.95353282753977	-1.802	4.08402296036311	-1.802	0	0	0	469149.6	0	10
4.08402296036311	-1.802	4.21451309318644	-1.802	0	0	0	469149.6	0	10
4.21451309318644	-1.802	4.34500322600978	-1.802	0	0	0	469149.6	0	10
4.34500322600978	-1.802	4.47549335883312	-1.802	0	0	0	469149.6	0	10
4.47549335883312	-1.802	4.60598349165646	-1.802	0	0	0	469149.6	0	10
4.60598349165646	-1.802	4.7364736244798	-1.802	0	0	0	469149.6	0	10
4.7364736244798	-1.802	4.86696375730313	-1.802	0	0	0	469149.6	0	10
4.86696375730313	-1.802	4.99745389012647	-1.802	0	0	0	469149.6	0	10
4.99745389012647	-1.802	5.12794402294981	-1.802	0	0	0	469149.6	0	10
5.12794402294981	-1.802	5.25843415577315	-1.802	0	0	0	469149.6	0	10
5.25843415577315	-1.802	5.38892428859648	-1.802	0	0	0	469149.6	0	10
5.38892428859648	-1.802	5.51941442141982	-1.802	0	0	0	469149.6	0	10
5.51941442141982	-1.802	5.64990455424316	-1.802	0	0	0	469149.6	0	10
5.64990455424316	-1.802	5.7803946870665	-1.802	0	0	0	469149.6	0	10
5.7803946870665	-1.802	5.91088481988983	-1.802	0	0	0	469149.6	0	10
5.91088481988983	-1.802	6.04137495271317	-1.802	0	0	0	469149.6	0	10
6.04137495271317	-1.802	6.17186508553651	-1.802	0	0	0	469149.6	0	10
6.17186508553651	-1.802	6.30235521835985	-1.802	0	0	0	469149.6	0	10
6.30235521835985	-1.802	6.43284535118318	-1.802	0	0	0	469149.6	0	10
6.43284535118318	-1.802	6.56333548400652	-1.802	0	0	0	469149.6	0	10
6.56333548400652	-1.802	6.69382561682986	-1.802	0	0	0	469149.6	0	10
6.69382561682986	-1.802	6.8243157496532	-1.802	0	0	0	469149.6	0	10
6.8243157496532	-1.802	6.95480588247653	-1.802	0	0	0	469149.6	0	10
6.95480588247653	-1.802	7.08529601529987	-1.802	0	0	0	469149.6	0	10
7.08529601529987	-1.802	7.21578614812321	-1.802	0	0	0	469149.6	0	10
7.21578614812321	-1.802	7.34627628094655	-1.802	0	0	0	469149.6	0	10
7.34627628094655	-1.802	7.47676641376988	-1.802	0	0	0	469149.6	0	10
7.47676641376988	-1.802	7.60725654659322	-1.802	0	0	0	469149.6	0	10
7.60725654659322	-1.802	7.73774667941656	-1.802	0	0	0	469149.6	0	10
7.73774667941656	-1.802	7.8682368122399	-1.802	0	0	0	469149.6	0	10
7.8682368122399	-1.802	7.99872694506324	-1.802	0	0	0	469149.6	0	10
7.99872694506324	-1.802	8.12921707788657	-1.802	0	0	0	469149.6	0	10
8.12921707788657	-1.802	8.25970721070991	-1.802	0	0	0	469149.6	0	10
8.25970721070991	-1.802	8.39019734353325	-1.802	0	0	0	469149.6	0	10
8.39019734353325	-1.802	8.52068747635658	-1.802	0	0	0	469149.6	0	10
8.52068747635658	-1.802	8.65117760917992	-1.802	0	0	0	469149.6	0	10
8.65117760917992	-1.802	8.78166774200326	-1.802	0	0	0	469149.6	0	10
8.78166774200326	-1.802	8.9121578748266	-1.802	0	0	0	469149.6	0	10
8.9121578748266	-1.802	9.04264800764994	-1.802	0	0	0	469149.6	0	10
9.04264800764994	-1.802	9.17313814047327	-1.802	0	0	0	469149.6	0	10
9.17313814047327	-1.802	9.30362827329661	-1.802	0	0	0	469149.6	0	10
9.30362827329661	-1.802	9.43411840611995	-1.802	0	0	0	469149.6	0	10
9.43411840611995	-1.802	9.56460853894329	-1.802	0	0	0	469149.6	0	10
9.56460853894329	-1.802	9.69509867176662	-1.802	0	0	0	469149.6	0	10
9.69509867176662	-1.802	9.82558880458996	-1.802	0	0	0	469149.6	0	10
9.82558880458996	-1.802	9.9560789374133	-1.802	0	0	0	469149.6	0	10
9.9560789374133	-1.802	10.0865690702366	-1.802	0	0	0	469149.6	0	10
10.0865690702366	-1.802	10.21705920306	-1.802	0	0	0	469149.6	0	10
10.21705920306	-1.802	10.3475493358833	-1.802	0	0	0	469149.6	0	10
10.3475493358833	-1.802	10.4780394687066	-1.802	0	0	0	469149.6	0	10
10.4780394687066	-1.802	10.60852960153	-1.802	0	0	0	469149.6	0	10
10.60852960153	-1.802	10.7390197343533	-1.802	0	0	0	469149.6	0	10
10.7390197343533	-1.802	10.8695098671767	-1.802	0	0	0	469149.6	0	10
10.8695098671767	-1.802	11	-1.802	0	0	0	469149.6	0	10
-11	-2.2	-10.8722686775931	-2.2	0	0	0	570560000	0	11
-10.8722686775931	-2.2	-10.7445373551861	-2.2	0	0	0	570560000	0	11
-10.7445373551861	-2.2	-10.6168060327792	-2.2	0	0	0	570560000	0	11
-10.6168060327792	-2.2	-10.4890747103723	-2.2	0	0	0	570560000	0	11
-10.4890747103723	-2.2	-10.3613433879654	-2.2	0	0	0	570560000	0	11
-10.3613433879654	-2.2	-10.2336120655584	-2.2	0	0	0	570560000	0	11
-10.2336120655584	-2.2	-10.1058807431515	-2.2	0	0	0	570560000	0	11
-10.1058807431515	-2.2	-9.97814942074459	-2.2	0	0	0	570560000	0	11
-9.97814942074459	-2.2	-9.85041809833766	-2.2	0	0	0	570560000	0	11
-9.85041809833766	-2.2	-9.72268677593074	-2.2	0	0	0	570560000	0	11
-9.72268677593074	-2.2	-9.59495545352381	-2.2	0	0	0	570560000	0	11
-9.59495545352381	-2.2	-9.46722413111688	-2.2	0	0	0	570560000	0	11
-9.46722413111688	-2.2	-9.33949280870996	-2.2	0	0	0	570560000	0	11
-9.33949280870996	-2.2	-9.21176148630303	-2.2	0	0	0	570560000	0	11
-9.21176148630303	-2.2	-9.08403016389611	-2.2	0	0	0	570560000	0	11
-9.08403016389611	-2.2	-8.95629884148918	-2.2	0	0	0	570560000	0	11
-8.95629884148918	-2.2	-8.82856751908225	-2.2	0	0	0	570560000	0	11
-8.82856751908225	-2.2	-8.70083619667533	-2.2	0	0	0	570560000	0	11
-8.70083619667533	-2.2	-8.5731048742684	-2.2	0	0	0	570560000	0	11
-8.5731048742684	-2.2	-8.44537355186147	-2.2	0	0	0	570560000	0	11
-8.44537355186147	-2.2	-8.31764222945455	-2.2	0	0	0	570560000	0	11
-8.31764222945455	-2.2	-8.18991090704762	-2.2	0	0	0	570560000	0	11
-8.18991090704762	-2.2	-8.0621795846407	-2.2	0	0	0	570560000	0	11
-8.0621795846407	-2.2	-7.93444826223377	-2.2	0	0	0	570560000	0	11
-7.93444826223377	-2.2	-7.80671693982684	-2.2	0	0	0	570560000	0	11
-7.80671693982684	-2.2	-7.67898561741992	-2.2	0	0	0	570560000	0	11
-7.67898561741992	-2.2	-7.55125429501299	-2.2	0	0	0	570560000	0	11
-7.55125429501299	-2.2	-7.42352297260606	-2.2	0	0	0	570560000	0	11
-7.42352297260606	-2.2	-7.29579165019914	-2.2	0	0	0	570560000	0	11
-7.29579165019914	-2.2	-7.16806032779221	-2.2	0	0	0	570560000	0	11
-7.16806032779221	-2.2	-7.04032900538528	-2.2	0	0	0	570560000	0	11
-7.04032900538528	-2.2	-6.91259768297836	-2.2	0	0	0	570560000	0	11
-6.91259768297836	-2.2	-6.78486636057143	-2.2	0	0	0	570560000	0	11
-6.78486636057143	-2.2	-6.65713503816451	-2.2	0	0	0	570560000	0	11
-6.65713503816451	-2.2	-6.52940371575758	-2.2	0	0	0	570560000	0	11
-6.52940371575758	-2.2	-6.40167239335065	-2.2	0	0	0	570560000	0	11
-5.88641869174079	-2.2	-5.75652316334278	-2.2	0	0	0	570560	0	12
-5.75652316334278	-2.2	-5.62662763494478	-2.2	0	0	0	570560	0	12
-5.62662763494478	-2.2	-5.49673210654677	-2.2	0	0	0	570560	0	12
-5.49673210654677	-2.2	-5.36683657814876	-2.2	0	0	0	570560	0	12
-5.36683657814876	-2.2	-5.23694104975076	-2.2	0	0	0	570560	0	12
-5.23694104975076	-2.2	-5.10704552135275	-2.2	0	0	0	570560	0	12
-5.10704552135275	-2.2	-4.97714999295475	-2.2	0	0	0	570560	0	12
-4.97714999295475	-2.2	-4.84725446455674	-2.2	0	0	0	570560	0	12
-4.84725446455674	-2.2	-4.71735893615873	-2.2	0	0	0	570560	0	12
-4.71735893615873	-2.2	-4.58746340776073	-2.2	0	0	0	570560	0	12
-4.58746340776073	-2.2	-4.45756787936272	-2.2	0	0	0	570560	0	12
-4.45756787936272	-2.2	-4.32767235096472	-2.2	0	0	0	570560	0	12
-4.32767235096472	-2.2	-4.19777682256671	-2.2	0	0	0	570560	0	12
-4.19777682256671	-2.2	-4.0678812941687	-2.2	0	0	0	570560	0	12
-4.0678812941687	-2.2	-3.9379857657707	-2.2	0	0	0	570560	0	12
-3.9379857657707	-2.2	-3.80809023737269	-2.2	0	0	0	570560	0	12
-3.80809023737269	-2.2	-3.67819470897469	-2.2	0	0	0	570560	0	12
-3.67819470897469	-2.2	-3.54829918057668	-2.2	0	0	0	570560	0	12
-3.54829918057668	-2.2	-3.41840365217867	-2.2	0	0	0	570560	0	12
-3.41840365217867	-2.2	-3.28850812378067	-2.2	0	0	0	570560	0	12
-3.28850812378067	-2.2	-3.15861259538266	-2.2	0	0	0	570560	0	12
-3.15861259538266	-2.2	-3.02871706698466	-2.2	0	0	0	570560	0	12
-3.02871706698466	-2.2	-2.89882153858665	-2.2	0	0	0	570560	0	12
-2.89882153858665	-2.2	-2.76892601018864	-2.2	0	0	0	570560	0	12
-2.76892601018864	-2.2	-2.63903048179064	-2.2	0	0	0	570560	0	12
-2.63903048179064	-2.2	-2.50913495339263	-2.2	0	0	0	570560	0	12
-2.50913495339263	-2.2	-2.37923942499462	-2.2	0	0	0	570560	0	12
-2.37923942499462	-2.2	-2.24934389659662	-2.2	0	0	0	570560	0	12
-2.24934389659662	-2.2	-2.11944836819861	-2.2	0	0	0	570560	0	12
-2.11944836819861	-2.2	-1.98955283980061	-2.2	0	0	0	570560	0	12
-1.98955283980061	-2.2	-1.8596573114026	-2.2	0	0	0	570560	0	12
-1.8596573114026	-2.2	-1.72976178300459	-2.2	0	0	0	570560	0	12
-1.72976178300459	-2.2	-1.59986625460659	-2.2	0	0	0	570560	0	12
-1.59986625460659	-2.2	-1.46997072620858	-2.2	0	0	0	570560	0	12
-1.46997072620858	-2.2	-1.34007519781058	-2.2	0	0	0	570560	0	12
-1.34007519781058	-2.2	-1.21017966941257	-2.2	0	0	0	570560	0	12
-1.21017966941257	-2.2	-1.08028414101456	-2.2	0	0	0	570560	0	12
-1.08028414101456	-2.2	-0.950388612616558	-2.2	0	0	0	570560	0	12
-0.950388612616558	-2.2	-0.820493084218552	-2.2	0	0	0	570560	0	12
-0.820493084218552	-2.2	-0.690597555820545	-2.2	0	0	0	570560	0	12
-0.690597555820545	-2.2	-0.56070202742254	-2.2	0	0	0	570560	0	12
-0.56070202742254	-2.2	-0.430806499024533	-2.2	0	0	0	570560	0	12
-0.430806499024533	-2.2	-0.300910970626528	-2.2	0	0	0	570560	0	12
-0.300910970626528	-2.2	-0.171015442228521	-2.2	0	0	0	570560	0	12
-0.171015442228521	-2.2	-0.0411199138305154	-2.2	0	0	0	570560	0	12
-0.0411199138305154	-2.2	0.0887756145674903	-2.2	0	0	0	570560	0	12
0.0887756145674903	-2.2	0.218671142965497	-2.2	0	0	0	570560	0	12
0.218671142965497	-2.2	0.348566671363503	-2.2	0	0	0	570560	0	12
0.348566671363503	-2.2	0.478462199761509	-2.2	0	0	0	570560	0	12
0.478462199761509	-2.2	0.608357728159515	-2.2	0	0	0	570560	0	12
0.608357728159515	-2.2	0.738253256557521	-2.2	0	0	0	570560	0	12
0.738253256557521	-2.2	0.868148784955527	-2.2	0	0	0	570560	0	12
0.868148784955527	-2.2	0.998044313353533	-2.2	0	0	0	570560	0	12
0.998044313353533	-2.2	1.12793984175154	-2.2	0	0	0	570560	0	12
1.12793984175154	-2.2	1.25783537014955	-2.2	0	0	0	570560	0	12
1.25783537014955	-2.2	1.38773089854755	-2.2	0	0	0	570560	0	12
1.38773089854755	-2.2	1.51762642694556	-2.2	0	0	0	570560	0	12
1.51762642694556	-2.2	1.64752195534356	-2.2	0	0	0	570560	0	12
1.64752195534356	-2.2	1.77741748374157	-2.2	0	0	0	570560	0	12
1.77741748374157	-2.2	1.90731301213958	-2.2	0	0	0	570560	0	12
1.90731301213958	-2.2	2.03720854053758	-2.2	0	0	0	570560	0	12
2.03720854053758	-2.2	2.16710406893559	-2.2	0	0	0	570560	0	12
2.16710406893559	-2.2	2.29699959733359	-2.2	0	0	0	570560	0	12
2.29699959733359	-2.2	2.4268951257316	-2.2	0	0	0	570560	0	12
2.4268951257316	-2.2	2.55679065412961	-2.2	0	0	0	570560	0	12
2.55679065412961	-2.2	2.68668618252761	-2.2	0	0	0	570560	0	12
2.68668618252761	-2.2	2.81658171092562	-2.2	0	0	0	570560	0	12
2.81658171092562	-2.2	2.94647723932362	-2.2	0	0	0	570560	0	12
2.94647723932362	-2.2	3.07637276772163	-2.2	0	0	0	570560	0	12
3.07637276772163	-2.2	3.20626829611964	-2.2	0	0	0	570560	0	12
3.20626829611964	-2.2	3.33616382451764	-2.2	0	0	0	570560	0	12
3.33616382451764	-2.2	3.46605935291565	-2.2	0	0	0	570560	0	12
3.46605935291565	-2.2	3.59595488131365	-2.2	0	0	0	570560	0	12
3.59595488131365	-2.2	3.72585040971166	-2.2	0	0	0	570560	0	12
3.72585040971166	-2.2	3.85574593810967	-2.2	0	0	0	570560	0	12
3.85574593810967	-2.2	3.98564146650767	-2.2	0	0	0	570560	0	12
3.98564146650767	-2.2	4.11553699490568	-2.2	0	0	0	570560	0	12
4.11553699490568	-2.2	4.24543252330368	-2.2	0	0	0	570560	0	12
4.24543252330368	-2.2	4.37532805170169	-2.2	0	0	0	570560	0	12
4.37532805170169	-2.2	4.5052235800997	-2.2	0	0	0	570560	0	12
4.5052235800997	-2.2	4.6351191084977	-2.2	0	0	0	570560	0	12
4.6351191084977	-2.2	4.76501463689571	-2.2	0	0	0	570560	0	12
4.76501463689571	-2.2	4.89491016529371	-2.2	0	0	0	570560	0	12
4.89491016529371	-2.2	5.02480569369172	-2.2	0	0	0	570560	0	12
5.02480569369172	-2.2	5.15470122208973	-2.2	0	0	0	570560	0	12
5.15470122208973	-2.2	5.28459675048773	-2.2	0	0	0	570560	0	12
5.28459675048773	-2.2	5.41449227888574	-2.2	0	0	0	570560	0	12
5.41449227888574	-2.2	5.54438780728374	-2.2	0	0	0	570560	0	12
5.54438780728374	-2.2	5.67428333568175	-2.2	0	0	0	570560	0	12
5.67428333568175	-2.2	5.80417886407976	-2.2	0	0	0	570560	0	12
5.80417886407976	-2.2	5.93407439247776	-2.2	0	0	0	570560	0	12
5.93407439247776	-2.2	6.06396992087577	-2.2	0	0	0	570560	0	12
6.06396992087577	-2.2	6.19386544927378	-2.2	0	0	0	570560	0	12
6.19386544927378	-2.2	6.32376097767178	-2.2	0	0	0	570560	0	12
6.32376097767178	-2.2	6.45365650606979	-2.2	0	0	0	570560	0	12
6.45365650606979	-2.2	6.58355203446779	-2.2	0	0	0	570560	0	12
6.58355203446779	-2.2	6.7134475628658	-2.2	0	0	0	570560	0	12
6.7134475628658	-2.2	6.84334309126381	-2.2	0	0	0	570560	0	12
6.84334309126381	-2.2	6.97323861966181	-2.2	0	0	0	570560	0	12
6.97323861966181	-2.2	7.10313414805982	-2.2	0	0	0	570560	0	12
7.10313414805982	-2.2	7.23302967645782	-2.2	0	0	0	570560	0	12
7.23302967645782	-2.2	7.36292520485583	-2.2	0	0	0	570560	0	12
7.36292520485583	-2.2	7.49282073325384	-2.2	0	0	0	570560	0	12
7.49282073325384	-2.2	7.62271626165184	-2.2	0	0	0	570560	0	12
7.62271626165184	-2.2	7.75261179004985	-2.2	0	0	0	570560	0	12
7.75261179004985	-2.2	7.88250731844785	-2.2	0	0	0	570560	0	12
7.88250731844785	-2.2	8.01240284684586	-2.2	0	0	0	570560	0	12
8.01240284684586	-2.2	8.14229837524387	-2.2	0	0	0	570560	0	12
8.14229837524387	-2.2	8.27219390364187	-2.2	0	0	0	570560	0	12
8.27219390364187	-2.2	8.40208943203988	-2.2	0	0	0	570560	0	12
8.40208943203988	-2.2	8.53198496043789	-2.2	0	0	0	570560	0	12
8.53198496043789	-2.2	8.66188048883589	-2.2	0	0	0	570560	0	12
8.66188048883589	-2.2	8.7917760172339	-2.2	0	0	0	570560	0	12
8.7917760172339	-2.2	8.9216715456319	-2.2	0	0	0	570560	0	12
8.9216715456319	-2.2	9.05156707402991	-2.2	0	0	0	570560	0	12
9.05156707402991	-2.2	9.18146260242792	-2.2	0	0	0	570560	0	12
9.18146260242792	-2.2	9.31135813082592	-2.2	0	0	0	570560	0	12
9.31135813082592	-2.2	9.44125365922393	-2.2	0	0	0	570560	0	12
9.44125365922393	-2.2	9.57114918762193	-2.2	0	0	0	570560	0	12
9.57114918762193	-2.2	9.70104471601994	-2.2	0	0	0	570560	0	12
9.70104471601994	-2.2	9.83094024441795	-2.2	0	0	0	570560	0	12
9.83094024441795	-2.2	9.96083577281595	-2.2	0	0	0	570560	0	12
9.96083577281595	-2.2	10.090731301214	-2.2	0	0	0	570560	0	12
10.090731301214	-2.2	10.220626829612	-2.2	0	0	0	570560	0	12
10.220626829612	-2.2	10.35052235801	-2.2	0	0	0	570560	0	12
10.35052235801	-2.2	10.480417886408	-2.2	0	0	0	570560	0	12
10.480417886408	-2.2	10.610313414806	-2.2	0	0	0	570560	0	12
10.610313414806	-2.2	10.740208943204	-2.2	0	0	0	570560	0	12
10.740208943204	-2.2	10.870104471602	-2.2	0	0	0	570560	0	12
10.870104471602	-2.2	11	-2.2	0	0	0	570560	0	12
-10	0	-9.89174682452695	-0.0625	0	0	0	0	0	0
-9.89174682452695	-0.0625	-9.78349364905389	-0.125	0	0	0	0	0	0
-9.783493649054	-0.125	-9.70988148973232	-0.1675	0	0	0	0	0	0
-9.70988148973232	-0.1675	-9.63626933041065	-0.21	0	0	0	0	0	0
-9.63626933041065	-0.21	-9.56698729810789	-0.25	0	0	0	0	0	0
-9.566987298108	-0.25	-9.45873412263495	-0.3125	0	0	0	0	0	0
-9.45873412263495	-0.3125	-9.35048094716189	-0.375	0	0	0	0	0	0
-9.350480947162	-0.375	-9.24222777168895	-0.4375	0	0	0	0	0	0
-9.24222777168895	-0.4375	-9.13397459621589	-0.5	0	0	0	0	0	0
-9.133974596216	-0.5	-9.04044385260728	-0.554	0	0	0	0	0	0
-9.04044385260728	-0.554	-8.94691310899856	-0.608	0	0	0	0	0	0
-8.94691310899856	-0.608	-8.91746824526989	-0.625	0	0	0	0	0	0
-8.917468245269	-0.625	-8.80921506979595	-0.6875	0	0	0	0	0	0
-8.80921506979595	-0.6875	-8.70096189432289	-0.75	0	0	0	0	0	0
-8.700961894323	-0.75	-8.59270871884994	-0.8125	0	0	0	0	0	0
-8.59270871884994	-0.8125	-8.48445554337689	-0.875	0	0	0	0	0	0
-8.484455543377	-0.875	-8.37620236790395	-0.9375	0	0	0	0	0	0
-8.37620236790395	-0.9375	-8.26794919243089	-1	0	0	0	0	0	0
-8.267949192431	-1	-8.25755688758559	-1.006	0	0	0	0	0	0
-8.25755688758559	-1.006	-8.15449986453524	-1.0655	0	0	0	0	0	0
-8.15449986453524	-1.0655	-8.05144284148489	-1.125	0	0	0	0	0	0
-8.051442841485	-1.125	-7.94318966601195	-1.1875	0	0	0	0	0	0
-7.94318966601195	-1.1875	-7.83493649053889	-1.25	0	0	0	0	0	0
-7.834936490539	-1.25	-7.72668331506595	-1.3125	0	0	0	0	0	0
-7.72668331506595	-1.3125	-7.61843013959289	-1.375	0	0	0	0	0	0
-7.618430139593	-1.375	-7.56818041423181	-1.404	0	0	0	0	0	0
-7.56818041423181	-1.404	-7.48504119478037	-1.45198110530479	0	0	0	0	0	0
-7.48504119478037	-1.45198110530479	-7.40190197532893	-1.49996221061	0	0	0	0	0	0
-7.401901975329	-1.49996221061	-7.29361608977308	-1.56240552081509	0	0	0	0	0	0
-7.29361608977308	-1.56240552081509	-7.18533020421715	-1.62484883102	0	0	0	0	0	0
-7.185330204217	-1.62484883102	-7.07700075139887	-1.68721652820472	0	0	0	0	0	0
-7.07700075139887	-1.68721652820472	-6.96867129858075	-1.749584225389	0	0	0	0	0	0
-6.968671298581	-1.749584225389	-6.87714819679725	-1.802	0	0	0	0	0	0
-6.87714819679725	-1.802	-6.81443906601801	-1.83791385782294	0	0	0	0	0	0
-6.81443906601801	-1.83791385782294	-6.75172993523877	-1.873827715646	0	0	0	0	0	0
-6.751729935238	-1.873827715646	-6.64289252769936	-1.93530469280224	0	0	0	0	0	0
-6.64289252769936	-1.93530469280224	-6.53405512016072	-1.996781669959	0	0	0	0	0	0
-6.534055120161	-1.996781669959	-6.42428636804659	-2.05657983932266	0	0	0	0	0	0
-6.42428636804659	-2.05657983932266	-6.31451761593218	-2.116378008686	0	0	0	0	0	0
-6.314517615932	-2.116378008686	-6.2303636822344	-2.158189004343	0	0	0	0	0	0
-6.2303636822344	-2.158189004343	-6.1462097485368	-2.2	0	0	0	0	0	0
-6.1462097485368	-2.2	-6.09062849125306	-2.227614962305	0	0	0	0	0	0
-6.090628491253	-2.227614962305	-5.97467338740603	-2.27429915547397	0	0	0	0	0	0
-5.97467338740603	-2.27429915547397	-5.85871828355905	-2.320983348643	0	0	0	0	0	0
-5.858718283559	-2.320983348643	-5.73797755527287	-2.35333572928082	0	0	0	0	0	0
-5.73797755527287	-2.35333572928082	-5.61723682698673	-2.385688109919	0	0	0	0	0	0
-5.617236826987	-2.385688109919	-5.49347466477257	-2.40323596460298	0	0	0	0	0	0
-5.49347466477257	-2.40323596460298	-5.36971250255815	-2.420783819287	0	0	0	0	0	0
-5.369712502558	-2.420783819287	-5.24495642935167	-2.42858908661979	0	0	0	0	0	0
-5.24495642935167	-2.42858908661979	-5.12020035614534	-2.436394353952	0	0	0	0	0	0
-5.120200356146	-2.436394353952	-4.99523874359137	-2.43949199624047	0	0	0	0	0	0
-4.99523874359137	-2.43949199624047	-4.87027713103675	-2.442589638529	0	0	0	0	0	0
-4.870277131036	-2.442589638529	-4.74528268264738	-2.44376771833314	0	0	0	0	0	0
-4.74528268264738	-2.44376771833314	-4.62028823425876	-2.444945798138	0	0	0	0	0	0
-4.620288234259	-2.444945798138	-4.49528899580178	-2.4453821295649	0	0	0	0	0	0
-4.49528899580178	-2.4453821295649	-4.37028975734455	-2.445818460991	0	0	0	0	0	0
-4.370289757345	-2.445818460991	-4.24528985063407	-2.44597117726256	0	0	0	0	0	0
-4.24528985063407	-2.44597117726256	-4.12028994392315	-2.446123893534	0	0	0	0	0	0
-4.120289943923	-2.446123893534	-3.99528996105773	-2.44618934337796	0	0	0	0	0	0
-3.99528996105773	-2.44618934337796	-3.87028997819246	-2.446254793222	0	0	0	0	0	0
-3.870289978192	-2.446254793222	-3.74528998009586	-2.44627660983754	0	0	0	0	0	0
-3.74528998009586	-2.44627660983754	-3.62028998199972	-2.446298426453	0	0	0	0	0	0
-3.620289982	-2.446298426453	-3.495289982	-2.446298426453	0	0	0	0	0	0
-3.495289982	-2.446298426453	-3.370289982	-2.446298426453	0	0	0	0	0	0
-3.370289982	-2.446298426453	-3.245289982	-2.446298426453	0	0	0	0	0	0
-3.245289982	-2.446298426453	-3.120289982	-2.446298426453	0	0	0	0	0	0
-3.120289982	-2.446298426453	-2.995289982	-2.446298426453	0	0	0	0	0	0
-2.995289982	-2.446298426453	-2.870289982	-2.446298426453	0	0	0	0	0	0
-2.870289982	-2.446298426453	-2.745289982	-2.446298426453	0	0	0	0	0	0
-2.745289982	-2.446298426453	-2.620289982	-2.446298426453	0	0	0	0	0	0
-2.620289982	-2.446298426453	-2.495289982	-2.446298426453	0	0	0	0	0	0
-2.495289982	-2.446298426453	-2.370289982	-2.446298426453	0	0	0	0	0	0
-2.370289982	-2.446298426453	-2.245289982	-2.446298426453	0	0	0	0	0	0
-2.245289982	-2.446298426453	-2.120289982	-2.446298426453	0	0	0	0	0	0
-2.120289982	-2.446298426453	-1.995289982	-2.446298426453	0	0	0	0	0	0
-1.995289982	-2.446298426453	-1.870289982	-2.446298426453	0	0	0	0	0	0
-1.870289982	-2.446298426453	-1.745289982	-2.446298426453	0	0	0	0	0	0
-1.745289982	-2.446298426453	-1.620289982	-2.446298426453	0	0	0	0	0	0
-1.620289982	-2.446298426453	-1.495289982	-2.446298426453	0	0	0	0	0	0
-1.495289982	-2.446298426453	-1.370289982	-2.446298426453	0	0	0	0	0	0
-1.370289982	-2.446298426453	-1.245289982	-2.446298426453	0	0	0	0	0	0
-1.245289982	-2.446298426453	-1.120289982	-2.446298426453	0	0	0	0	0	0
-1.120289982	-2.446298426453	-0.995289982	-2.446298426453	0	0	0	0	0	0
-0.995289982	-2.446298426453	-0.870289982	-2.446298426453	0	0	0	0	0	0
-0.870289982	-2.446298426453	-0.745289982	-2.446298426453	0	0	0	0	0	0
-0.745289982	-2.446298426453	-0.620289982	-2.446298426453	0	0	0	0	0	0
-0.620289982	-2.446298426453	-0.495289982	-2.446298426453	0	0	0	0	0	0
-0.495289982	-2.446298426453	-0.370289982	-2.446298426453	0	0	0	0	0	0
-0.370289982	-2.446298426453	-0.245289982	-2.446298426453	0	0	0	0	0	0
-0.245289982	-2.446298426453	-0.120289982	-2.446298426453	0	0	0	0	0	0
-0.120289982	-2.446298426453	0.004710018	-2.446298426453	0	0	0	0	0	0
0.004710018	-2.446298426453	0.129710018	-2.446298426453	0	0	0	0	0	0
0.129710018	-2.446298426453	0.254710018	-2.446298426453	0	0	0	0	0	0
0.254710018	-2.446298426453	0.379710018	-2.446298426453	0	0	0	0	0	0
0.379710018	-2.446298426453	0.504710018	-2.446298426453	0	0	0	0	0	0
0.504710018	-2.446298426453	0.629710018	-2.446298426453	0	0	0	0	0	0
0.629710018	-2.446298426453	0.754710018	-2.446298426453	0	0	0	0	0	0
0.754710018	-2.446298426453	0.879710018	-2.446298426453	0	0	0	0	0	0
0.879710018	-2.446298426453	1.004710018	-2.446298426453	0	0	0	0	0	0
1.004710018	-2.446298426453	1.129710018	-2.446298426453	0	0	0	0	0	0
1.129710018	-2.446298426453	1.254710018	-2.446298426453	0	0	0	0	0	0
1.254710018	-2.446298426453	1.379710018	-2.446298426453	0	0	0	0	0	0
1.379710018	-2.446298426453	1.504710018	-2.446298426453	0	0	0	0	0	0
1.504710018	-2.446298426453	1.629710018	-2.446298426453	0	0	0	0	0	0
1.629710018	-2.446298426453	1.754710018	-2.446298426453	0	0	0	0	0	0
1.754710018	-2.446298426453	1.879710018	-2.446298426453	0	0	0	0	0	0
1.879710018	-2.446298426453	2.004710018	-2.446298426453	0	0	0	0	0	0
2.004710018	-2.446298426453	2.129710018	-2.446298426453	0	0	0	0	0	0
2.129710018	-2.446298426453	2.254710018	-2.446298426453	0	0	0	0	0	0
2.254710018	-2.446298426453	2.379710018	-2.446298426453	0	0	0	0	0	0
2.379710018	-2.446298426453	2.504710018	-2.446298426453	0	0	0	0	0	0
2.504710018	-2.446298426453	2.629710018	-2.446298426453	0	0	0	0	0	0
2.629710018	-2.446298426453	2.754710018	-2.446298426453	0	0	0	0	0	0
2.754710018	-2.446298426453	2.879710018	-2.446298426453	0	0	0	0	0	0
2.879710018	-2.446298426453	3.004710018	-2.446298426453	0	0	0	0	0	0
3.004710018	-2.446298426453	3.129710018	-2.446298426453	0	0	0	0	0	0
3.129710018	-2.446298426453	3.254710018	-2.446298426453	0	0	0	0	0	0
3.254710018	-2.446298426453	3.379710018	-2.446298426453	0	0	0	0	0	0
3.379710018	-2.446298426453	3.504710018	-2.446298426453	0	0	0	0	0	0
3.504710018	-2.446298426453	3.629710018	-2.446298426453	0	0	0	0	0	0
3.629710018	-2.446298426453	3.754710018	-2.446298426453	0	0	0	0	0	0
3.754710018	-2.446298426453	3.879710018	-2.446298426453	0	0	0	0	0	0
3.879710018	-2.446298426453	4.004710018	-2.446298426453	0	0	0	0	0	0
4.004710018	-2.446298426453	4.129710018	-2.446298426453	0	0	0	0	0	0
4.129710018	-2.446298426453	4.254710018	-2.446298426453	0	0	0	0	0	0
4.254710018	-2.446298426453	4.379710018	-2.446298426453	0	0	0	0	0	0
4.379710018	-2.446298426453	4.504710018	-2.446298426453	0	0	0	0	0	0
4.504710018	-2.446298426453	4.629710018	-2.446298426453	0	0	0	0	0	0
4.629710018	-2.446298426453	4.754710018	-2.446298426453	0	0	0	0	0	0
4.754710018	-2.446298426453	4.879710018	-2.446298426453	0	0	0	0	0	0
4.879710018	-2.446298426453	5.004710018	-2.446298426453	0	0	0	0	0	0
5.004710018	-2.446298426453	5.129710018	-2.446298426453	0	0	0	0	0	0
5.129710018	-2.446298426453	5.254710018	-2.446298426453	0	0	0	0	0	0
5.254710018	-2.446298426453	5.379710018	-2.446298426453	0	0	0	0	0	0
5.379710018	-2.446298426453	5.504710018	-2.446298426453	0	0	0	0	0	0
5.504710018	-2.446298426453	5.629710018	-2.446298426453	0	0	0	0	0	0
5.629710018	-2.446298426453	5.754710018	-2.446298426453	0	0	0	0	0	0
5.754710018	-2.446298426453	5.879710018	-2.446298426453	0	0	0	0	0	0
5.879710018	-2.446298426453	6.004710018	-2.446298426453	0	0	0	0	0	0
6.004710018	-2.446298426453	6.129710018	-2.446298426453	0	0	0	0	0	0
6.129710018	-2.446298426453	6.254710018	-2.446298426453	0	0	0	0	0	0
6.254710018	-2.446298426453	6.379710018	-2.446298426453	0	0	0	0	0	0
6.379710018	-2.446298426453	6.504710018	-2.446298426453	0	0	0	0	0	0
6.504710018	-2.446298426453	6.629710018	-2.446298426453	0	0	0	0	0	0
6.629710018	-2.446298426453	6.754710018	-2.446298426453	0	0	0	0	0	0
6.754710018	-2.446298426453	6.879710018	-2.446298426453	0	0	0	0	0	0
6.879710018	-2.446298426453	7.004710018	-2.446298426453	0	0	0	0	0	0
7.004710018	-2.446298426453	7.129710018	-2.446298426453	0	0	0	0	0	0
7.129710018	-2.446298426453	7.254710018	-2.446298426453	0	0	0	0	0	0
7.254710018	-2.446298426453	7.379710018	-2.446298426453	0	0	0	0	0	0
7.379710018	-2.446298426453	7.504710018	-2.446298426453	0	0	0	0	0	0
7.504710018	-2.446298426453	7.629710018	-2.446298426453	0	0	0	0	0	0
7.629710018	-2.446298426453	7.754710018	-2.446298426453	0	0	0	0	0	0
7.754710018	-2.446298426453	7.879710018	-2.446298426453	0	0	0	0	0	0
7.879710018	-2.446298426453	8.004710018	-2.446298426453	0	0	0	0	0	0
8.004710018	-2.446298426453	8.129710018	-2.446298426453	0	0	0	0	0	0
8.129710018	-2.446298426453	8.254710018	-2.446298426453	0	0	0	0	0	0
8.254710018	-2.446298426453	8.379710018	-2.446298426453	0	0	0	0	0	0
8.379710018	-2.446298426453	8.504710018	-2.446298426453	0	0	0	0	0	0
8.504710018	-2.446298426453	8.629710018	-2.446298426453	0	0	0	0	0	0
8.629710018	-2.446298426453	8.754710018	-2.446298426453	0	0	0	0	0	0
8.754710018	-2.446298426453	8.879710018	-2.446298426453	0	0	0	0	0	0
8.879710018	-2.446298426453	9.004710018	-2.446298426453	0	0	0	0	0	0
9.004710018	-2.446298426453	9.129710018	-2.446298426453	0	0	0	0	0	0
9.129710018	-2.446298426453	9.254710018	-2.446298426453	0	0	0	0	0	0
9.254710018	-2.446298426453	9.379710018	-2.446298426453	0	0	0	0	0	0
9.379710018	-2.446298426453	9.504710018	-2.446298426453	0	0	0	0	0	0
9.504710018	-2.446298426453	9.629710018	-2.446298426453	0	0	0	0	0	0
9.629710018	-2.446298426453	9.754710018	-2.446298426453	0	0	0	0	0	0
9.754710018	-2.446298426453	9.879710018	-2.446298426453	0	0	0	0	0	0
9.879710018	-2.446298426453	10.004710018	-2.446298426453	0	0	0	0	0	0
10.004710018	-2.446298426453	10.129710018	-2.446298426453	0	0	0	0	0	0
10.129710018	-2.446298426453	10.254710018	-2.446298426453	0	0	0	0	0	0
10.254710018	-2.446298426453	10.379710018	-2.446298426453	0	0	0	0	0	0
10.379710018	-2.446298426453	10.504710018	-2.446298426453	0	0	0	0	0	0
10.504710018	-2.446298426453	10.629710018	-2.446298426453	0	0	0	0	0	0
10.629710018	-2.446298426453	10.754710018	-2.446298426453	0	0	0	0	0	0
10.754710018	-2.446298426453	10.879710018	-2.446298426453	0	0	0	0	0	0
10.879710018	-2.446298426453	11.004710018	-2.446298426453	0	0	0	0	0	0
11.004710018	-2.446298426453	11.129710018	-2.446298426453	0	0	0	0	0	0
11.129710018	-2.446298426453	11.254710018	-2.446298426453	0	0	0	0	0	0
11.254710018	-2.446298426453	11.379710018	-2.446298426453	0	0	0	0	0	0
11.379710018	-2.446298426453	11.504710018	-2.446298426453	0	0	0	0	0	0
11.504710018	-2.446298426453	11.629710018	-2.446298426453	0	0	0	0	0	0
11.629710018	-2.446298426453	11.754710018	-2.446298426453	0	0	0	0	0	0
11.754710018	-2.446298426453	11.879710018	-2.446298426453	0	0	0	0	0	0
11.879710018	-2.446298426453	12.004710018	-2.446298426453	0	0	0	0	0	0
12.004710018	-2.446298426453	12.129710018	-2.446298426453	0	0	0	0	0	0
12.129710018	-2.446298426453	12.254710018	-2.446298426453	0	0	0	0	0	0
12.254710018	-2.446298426453	12.379710018	-2.446298426453	0	0	0	0	0	0
12.379710018	-2.446298426453	12.504710018	-2.446298426453	0	0	0	0	0	0
12.504710018	-2.446298426453	12.629710018	-2.446298426453	0	0	0	0	0	0
12.629710018	-2.446298426453	12.754710018	-2.446298426453	0	0	0	0	0	0
12.754710018	-2.446298426453	12.879710018	-2.446298426453	0	0	0	0	0	0
12.879710018	-2.446298426453	13.004710018	-2.446298426453	0	0	0	0	0	0
13.004710018	-2.446298426453	13.129710018	-2.446298426453	0	0	0	0	0	0
13.129710018	-2.446298426453	13.254710018	-2.446298426453	0	0	0	0	0	0
13.254710018	-2.446298426453	13.379710018	-2.446298426453	0	0	0	0	0	0
13.379710018	-2.446298426453	13.504710018	-2.446298426453	0	0	0	0	0	0
13.504710018	-2.446298426453	13.629710018	-2.446298426453	0	0	0	0	0	0
13.629710018	-2.446298426453	13.754710018	-2.446298426453	0	0	0	0	0	0
13.754710018	-2.446298426453	13.879710018	-2.446298426453	0	0	0	0	0	0
13.879710018	-2.446298426453	14.004710018	-2.446298426453	0	0	0	0	0	0
14.004710018	-2.446298426453	14.129710018	-2.446298426453	0	0	0	0	0	0
14.129710018	-2.446298426453	14.254710018	-2.446298426453	0	0	0	0	0	0
14.254710018	-2.446298426453	14.379710018	-2.446298426453	0	0	0	0	0	0
