-11	-0.21	-10.8760244845828	-0.21	0	0	0	63508000	0	1
-10.8760244845828	-0.21	-10.7520489691655	-0.21	0	0	0	63508000	0	1
-10.7520489691655	-0.21	-10.6280734537483	-0.21	0	0	0	63508000	0	1
-10.6280734537483	-0.21	-10.504097938331	-0.21	0	0	0	63508000	0	1
-10.504097938331	-0.21	-10.3801224229138	-0.21	0	0	0	63508000	0	1
-10.3801224229138	-0.21	-10.2561469074965	-0.21	0	0	0	63508000	0	1
-10.2561469074965	-0.21	-10.1321713920793	-0.21	0	0	0	63508000	0	1
-10.1321713920793	-0.21	-10.008195876662	-0.21	0	0	0	63508000	0	1
-10.008195876662	-0.21	-9.8842203612448	-0.21	0	0	0	63508000	0	1
-9.36651417576442	-0.21	-9.23163659844148	-0.21	0	0	0	63508	0	2
-9.23163659844148	-0.21	-9.09675902111854	-0.21	0	0	0	63508	0	2
-9.09675902111854	-0.21	-8.9618814437956	-0.21	0	0	0	63508	0	2
-8.9618814437956	-0.21	-8.82700386647265	-0.21	0	0	0	63508	0	2
-8.82700386647265	-0.21	-8.69212628914971	-0.21	0	0	0	63508	0	2
-8.69212628914971	-0.21	-8.55724871182677	-0.21	0	0	0	63508	0	2
-8.55724871182677	-0.21	-8.42237113450382	-0.21	0	0	0	63508	0	2
-8.42237113450382	-0.21	-8.28749355718088	-0.21	0	0	0	63508	0	2
-8.28749355718088	-0.21	-8.15261597985794	-0.21	0	0	0	63508	0	2
-8.15261597985794	-0.21	-8.01773840253499	-0.21	0	0	0	63508	0	2
-8.01773840253499	-0.21	-7.88286082521205	-0.21	0	0	0	63508	0	2
-7.88286082521205	-0.21	-7.74798324788911	-0.21	0	0	0	63508	0	2
-7.74798324788911	-0.21	-7.61310567056616	-0.21	0	0	0	63508	0	2
-7.61310567056616	-0.21	-7.47822809324322	-0.21	0	0	0	63508	0	2
-7.47822809324322	-0.21	-7.34335051592028	-0.21	0	0	0	63508	0	2
-7.34335051592028	-0.21	-7.20847293859733	-0.21	0	0	0	63508	0	2
-7.20847293859733	-0.21	-7.07359536127439	-0.21	0	0	0	63508	0	2
-7.07359536127439	-0.21	-6.93871778395145	-0.21	0	0	0	63508	0	2
-6.93871778395145	-0.21	-6.8038402066285	-0.21	0	0	0	63508	0	2
-6.8038402066285	-0.21	-6.66896262930556	-0.21	0	0	0	63508	0	2
-6.66896262930556	-0.21	-6.53408505198262	-0.21	0	0	0	63508	0	2
-6.53408505198262	-0.21	-6.39920747465967	-0.21	0	0	0	63508	0	2
-6.39920747465967	-0.21	-6.26432989733673	-0.21	0	0	0	63508	0	2
-6.26432989733673	-0.21	-6.12945232001379	-0.21	0	0	0	63508	0	2
-6.12945232001379	-0.21	-5.99457474269084	-0.21	0	0	0	63508	0	2
-5.99457474269084	-0.21	-5.8596971653679	-0.21	0	0	0	63508	0	2
-5.8596971653679	-0.21	-5.72481958804496	-0.21	0	0	0	63508	0	2
-5.72481958804496	-0.21	-5.58994201072202	-0.21	0	0	0	63508	0	2
-5.58994201072202	-0.21	-5.45506443339907	-0.21	0	0	0	63508	0	2
-5.45506443339907	-0.21	-5.32018685607613	-0.21	0	0	0	63508	0	2
-5.32018685607613	-0.21	-5.18530927875319	-0.21	0	0	0	63508	0	2
-5.18530927875319	-0.21	-5.05043170143024	-0.21	0	0	0	63508	0	2
-5.05043170143024	-0.21	-4.9155541241073	-0.21	0	0	0	63508	0	2
-4.9155541241073	-0.21	-4.78067654678436	-0.21	0	0	0	63508	0	2
-4.78067654678436	-0.21	-4.64579896946141	-0.21	0	0	0	63508	0	2
-4.64579896946141	-0.21	-4.51092139213847	-0.21	0	0	0	63508	0	2
-4.51092139213847	-0.21	-4.37604381481553	-0.21	0	0	0	63508	0	2
-4.37604381481553	-0.21	-4.24116623749258	-0.21	0	0	0	63508	0	2
-4.24116623749258	-0.21	-4.10628866016964	-0.21	0	0	0	63508	0	2
-4.10628866016964	-0.21	-3.9714110828467	-0.21	0	0	0	63508	0	2
-3.9714110828467	-0.21	-3.83653350552375	-0.21	0	0	0	63508	0	2
-3.83653350552375	-0.21	-3.70165592820081	-0.21	0	0	0	63508	0	2
-3.70165592820081	-0.21	-3.56677835087787	-0.21	0	0	0	63508	0	2
-3.56677835087787	-0.21	-3.43190077355492	-0.21	0	0	0	63508	0	2
-3.43190077355492	-0.21	-3.29702319623198	-0.21	0	0	0	63508	0	2
-3.29702319623198	-0.21	-3.16214561890904	-0.21	0	0	0	63508	0	2
-3.16214561890904	-0.21	-3.02726804158609	-0.21	0	0	0	63508	0	2
-3.02726804158609	-0.21	-2.89239046426315	-0.21	0	0	0	63508	0	2
-2.89239046426315	-0.21	-2.75751288694021	-0.21	0	0	0	63508	0	2
-2.75751288694021	-0.21	-2.62263530961726	-0.21	0	0	0	63508	0	2
-2.62263530961726	-0.21	-2.48775773229432	-0.21	0	0	0	63508	0	2
-2.48775773229432	-0.21	-2.35288015497138	-0.21	0	0	0	63508	0	2
-2.35288015497138	-0.21	-2.21800257764844	-0.21	0	0	0	63508	0	2
-2.21800257764844	-0.21	-2.08312500032549	-0.21	0	0	0	63508	0	2
-2.08312500032549	-0.21	-1.94824742300255	-0.21	0	0	0	63508	0	2
-1.94824742300255	-0.21	-1.81336984567961	-0.21	0	0	0	63508	0	2
-1.81336984567961	-0.21	-1.67849226835666	-0.21	0	0	0	63508	0	2
-1.67849226835666	-0.21	-1.54361469103372	-0.21	0	0	0	63508	0	2
-1.54361469103372	-0.21	-1.40873711371078	-0.21	0	0	0	63508	0	2
-1.40873711371078	-0.21	-1.27385953638783	-0.21	0	0	0	63508	0	2
-1.27385953638783	-0.21	-1.13898195906489	-0.21	0	0	0	63508	0	2
-1.13898195906489	-0.21	-1.00410438174195	-0.21	0	0	0	63508	0	2
-1.00410438174195	-0.21	-0.869226804419004	-0.21	0	0	0	63508	0	2
-0.869226804419004	-0.21	-0.734349227096059	-0.21	0	0	0	63508	0	2
-0.734349227096059	-0.21	-0.599471649773117	-0.21	0	0	0	63508	0	2
-0.599471649773117	-0.21	-0.464594072450174	-0.21	0	0	0	63508	0	2
-0.464594072450174	-0.21	-0.329716495127231	-0.21	0	0	0	63508	0	2
-0.329716495127231	-0.21	-0.194838917804287	-0.21	0	0	0	63508	0	2
-0.194838917804287	-0.21	-0.0599613404813439	-0.21	0	0	0	63508	0	2
-0.0599613404813439	-0.21	0.0749162368415988	-0.21	0	0	0	63508	0	2
0.0749162368415988	-0.21	0.209793814164543	-0.21	0	0	0	63508	0	2
0.209793814164543	-0.21	0.344671391487486	-0.21	0	0	0	63508	0	2
0.344671391487486	-0.21	0.479548968810429	-0.21	0	0	0	63508	0	2
0.479548968810429	-0.21	0.614426546133371	-0.21	0	0	0	63508	0	2
0.614426546133371	-0.21	0.749304123456318	-0.21	0	0	0	63508	0	2
0.749304123456318	-0.21	0.88418170077926	-0.21	0	0	0	63508	0	2
0.88418170077926	-0.21	1.0190592781022	-0.21	0	0	0	63508	0	2
1.0190592781022	-0.21	1.15393685542515	-0.21	0	0	0	63508	0	2
1.15393685542515	-0.21	1.28881443274809	-0.21	0	0	0	63508	0	2
1.28881443274809	-0.21	1.42369201007103	-0.21	0	0	0	63508	0	2
1.42369201007103	-0.21	1.55856958739398	-0.21	0	0	0	63508	0	2
1.55856958739398	-0.21	1.69344716471692	-0.21	0	0	0	63508	0	2
1.69344716471692	-0.21	1.82832474203986	-0.21	0	0	0	63508	0	2
1.82832474203986	-0.21	1.96320231936281	-0.21	0	0	0	63508	0	2
1.96320231936281	-0.21	2.09807989668575	-0.21	0	0	0	63508	0	2
2.09807989668575	-0.21	2.23295747400869	-0.21	0	0	0	63508	0	2
2.23295747400869	-0.21	2.36783505133164	-0.21	0	0	0	63508	0	2
2.36783505133164	-0.21	2.50271262865458	-0.21	0	0	0	63508	0	2
2.50271262865458	-0.21	2.63759020597752	-0.21	0	0	0	63508	0	2
2.63759020597752	-0.21	2.77246778330047	-0.21	0	0	0	63508	0	2
2.77246778330047	-0.21	2.90734536062341	-0.21	0	0	0	63508	0	2
2.90734536062341	-0.21	3.04222293794635	-0.21	0	0	0	63508	0	2
3.04222293794635	-0.21	3.17710051526929	-0.21	0	0	0	63508	0	2
3.17710051526929	-0.21	3.31197809259224	-0.21	0	0	0	63508	0	2
3.31197809259224	-0.21	3.44685566991518	-0.21	0	0	0	63508	0	2
3.44685566991518	-0.21	3.58173324723812	-0.21	0	0	0	63508	0	2
3.58173324723812	-0.21	3.71661082456107	-0.21	0	0	0	63508	0	2
3.71661082456107	-0.21	3.85148840188401	-0.21	0	0	0	63508	0	2
3.85148840188401	-0.21	3.98636597920695	-0.21	0	0	0	63508	0	2
3.98636597920695	-0.21	4.1212435565299	-0.21	0	0	0	63508	0	2
4.1212435565299	-0.21	4.25612113385284	-0.21	0	0	0	63508	0	2
4.25612113385284	-0.21	4.39099871117578	-0.21	0	0	0	63508	0	2
4.39099871117578	-0.21	4.52587628849873	-0.21	0	0	0	63508	0	2
4.52587628849873	-0.21	4.66075386582167	-0.21	0	0	0	63508	0	2
4.66075386582167	-0.21	4.79563144314461	-0.21	0	0	0	63508	0	2
4.79563144314461	-0.21	4.93050902046756	-0.21	0	0	0	63508	0	2
4.93050902046756	-0.21	5.0653865977905	-0.21	0	0	0	63508	0	2
5.0653865977905	-0.21	5.20026417511344	-0.21	0	0	0	63508	0	2
5.20026417511344	-0.21	5.33514175243639	-0.21	0	0	0	63508	0	2
5.33514175243639	-0.21	5.47001932975933	-0.21	0	0	0	63508	0	2
5.47001932975933	-0.21	5.60489690708227	-0.21	0	0	0	63508	0	2
5.60489690708227	-0.21	5.73977448440522	-0.21	0	0	0	63508	0	2
5.73977448440522	-0.21	5.87465206172816	-0.21	0	0	0	63508	0	2
5.87465206172816	-0.21	6.0095296390511	-0.21	0	0	0	63508	0	2
6.0095296390511	-0.21	6.14440721637405	-0.21	0	0	0	63508	0	2
6.14440721637405	-0.21	6.27928479369699	-0.21	0	0	0	63508	0	2
6.27928479369699	-0.21	6.41416237101993	-0.21	0	0	0	63508	0	2
6.41416237101993	-0.21	6.54903994834287	-0.21	0	0	0	63508	0	2
6.54903994834287	-0.21	6.68391752566582	-0.21	0	0	0	63508	0	2
6.68391752566582	-0.21	6.81879510298876	-0.21	0	0	0	63508	0	2
6.81879510298876	-0.21	6.9536726803117	-0.21	0	0	0	63508	0	2
6.9536726803117	-0.21	7.08855025763465	-0.21	0	0	0	63508	0	2
7.08855025763465	-0.21	7.22342783495759	-0.21	0	0	0	63508	0	2
7.22342783495759	-0.21	7.35830541228053	-0.21	0	0	0	63508	0	2
7.35830541228053	-0.21	7.49318298960348	-0.21	0	0	0	63508	0	2
7.49318298960348	-0.21	7.62806056692642	-0.21	0	0	0	63508	0	2
7.62806056692642	-0.21	7.76293814424936	-0.21	0	0	0	63508	0	2
7.76293814424936	-0.21	7.89781572157231	-0.21	0	0	0	63508	0	2
7.89781572157231	-0.21	8.03269329889525	-0.21	0	0	0	63508	0	2
8.03269329889525	-0.21	8.16757087621819	-0.21	0	0	0	63508	0	2
8.16757087621819	-0.21	8.30244845354114	-0.21	0	0	0	63508	0	2
8.30244845354114	-0.21	8.43732603086408	-0.21	0	0	0	63508	0	2
8.43732603086408	-0.21	8.57220360818702	-0.21	0	0	0	63508	0	2
8.57220360818702	-0.21	8.70708118550997	-0.21	0	0	0	63508	0	2
8.70708118550997	-0.21	8.84195876283291	-0.21	0	0	0	63508	0	2
8.84195876283291	-0.21	8.97683634015585	-0.21	0	0	0	63508	0	2
8.97683634015585	-0.21	9.1117139174788	-0.21	0	0	0	63508	0	2
9.1117139174788	-0.21	9.24659149480174	-0.21	0	0	0	63508	0	2
9.24659149480174	-0.21	9.38146907212468	-0.21	0	0	0	63508	0	2
9.38146907212468	-0.21	9.51634664944762	-0.21	0	0	0	63508	0	2
9.51634664944762	-0.21	9.65122422677057	-0.21	0	0	0	63508	0	2
9.65122422677057	-0.21	9.78610180409351	-0.21	0	0	0	63508	0	2
9.78610180409351	-0.21	9.92097938141645	-0.21	0	0	0	63508	0	2
9.92097938141645	-0.21	10.0558569587394	-0.21	0	0	0	63508	0	2
10.0558569587394	-0.21	10.1907345360623	-0.21	0	0	0	63508	0	2
10.1907345360623	-0.21	10.3256121133853	-0.21	0	0	0	63508	0	2
10.3256121133853	-0.21	10.4604896907082	-0.21	0	0	0	63508	0	2
10.4604896907082	-0.21	10.5953672680312	-0.21	0	0	0	63508	0	2
10.5953672680312	-0.21	10.7302448453541	-0.21	0	0	0	63508	0	2
10.7302448453541	-0.21	10.8651224226771	-0.21	0	0	0	63508	0	2
10.8651224226771	-0.21	11	-0.21	0	0	0	63508	0	2
-11	-0.7075	-10.8690714293118	-0.7075	0	0	0	190271000	0	3
-10.8690714293118	-0.7075	-10.7381428586235	-0.7075	0	0	0	190271000	0	3
-10.7381428586235	-0.7075	-10.6072142879353	-0.7075	0	0	0	190271000	0	3
-10.6072142879353	-0.7075	-10.476285717247	-0.7075	0	0	0	190271000	0	3
-10.476285717247	-0.7075	-10.3453571465588	-0.7075	0	0	0	190271000	0	3
-10.3453571465588	-0.7075	-10.2144285758705	-0.7075	0	0	0	190271000	0	3
-10.2144285758705	-0.7075	-10.0835000051823	-0.7075	0	0	0	190271000	0	3
-10.0835000051823	-0.7075	-9.95257143449403	-0.7075	0	0	0	190271000	0	3
-9.95257143449403	-0.7075	-9.82164286380578	-0.7075	0	0	0	190271000	0	3
-9.82164286380578	-0.7075	-9.69071429311754	-0.7075	0	0	0	190271000	0	3
-9.69071429311754	-0.7075	-9.55978572242929	-0.7075	0	0	0	190271000	0	3
-9.55978572242929	-0.7075	-9.42885715174105	-0.7075	0	0	0	190271000	0	3
-9.42885715174105	-0.7075	-9.2979285810528	-0.7075	0	0	0	190271000	0	3
-9.2979285810528	-0.7075	-9.16700001036455	-0.7075	0	0	0	190271000	0	3
-9.16700001036455	-0.7075	-9.03607143967631	-0.7075	0	0	0	190271000	0	3
-8.50517736907124	-0.7075	-8.37065890445696	-0.7075	0	0	0	190271	0	4
-8.37065890445696	-0.7075	-8.23614043984268	-0.7075	0	0	0	190271	0	4
-8.23614043984268	-0.7075	-8.10162197522839	-0.7075	0	0	0	190271	0	4
-8.10162197522839	-0.7075	-7.96710351061411	-0.7075	0	0	0	190271	0	4
-7.96710351061411	-0.7075	-7.83258504599982	-0.7075	0	0	0	190271	0	4
-7.83258504599982	-0.7075	-7.69806658138554	-0.7075	0	0	0	190271	0	4
-7.69806658138554	-0.7075	-7.56354811677125	-0.7075	0	0	0	190271	0	4
-7.56354811677125	-0.7075	-7.42902965215697	-0.7075	0	0	0	190271	0	4
-7.42902965215697	-0.7075	-7.29451118754269	-0.7075	0	0	0	190271	0	4
-7.29451118754269	-0.7075	-7.1599927229284	-0.7075	0	0	0	190271	0	4
-7.1599927229284	-0.7075	-7.02547425831412	-0.7075	0	0	0	190271	0	4
-7.02547425831412	-0.7075	-6.89095579369983	-0.7075	0	0	0	190271	0	4
-6.89095579369983	-0.7075	-6.75643732908555	-0.7075	0	0	0	190271	0	4
-6.75643732908555	-0.7075	-6.62191886447126	-0.7075	0	0	0	190271	0	4
-6.62191886447126	-0.7075	-6.48740039985698	-0.7075	0	0	0	190271	0	4
-6.48740039985698	-0.7075	-6.35288193524269	-0.7075	0	0	0	190271	0	4
-6.35288193524269	-0.7075	-6.21836347062841	-0.7075	0	0	0	190271	0	4
-6.21836347062841	-0.7075	-6.08384500601412	-0.7075	0	0	0	190271	0	4
-6.08384500601412	-0.7075	-5.94932654139984	-0.7075	0	0	0	190271	0	4
-5.94932654139984	-0.7075	-5.81480807678556	-0.7075	0	0	0	190271	0	4
-5.81480807678556	-0.7075	-5.68028961217127	-0.7075	0	0	0	190271	0	4
-5.68028961217127	-0.7075	-5.54577114755699	-0.7075	0	0	0	190271	0	4
-5.54577114755699	-0.7075	-5.4112526829427	-0.7075	0	0	0	190271	0	4
-5.4112526829427	-0.7075	-5.27673421832842	-0.7075	0	0	0	190271	0	4
-5.27673421832842	-0.7075	-5.14221575371413	-0.7075	0	0	0	190271	0	4
-5.14221575371413	-0.7075	-5.00769728909985	-0.7075	0	0	0	190271	0	4
-5.00769728909985	-0.7075	-4.87317882448556	-0.7075	0	0	0	190271	0	4
-4.87317882448556	-0.7075	-4.73866035987128	-0.7075	0	0	0	190271	0	4
-4.73866035987128	-0.7075	-4.604141895257	-0.7075	0	0	0	190271	0	4
-4.604141895257	-0.7075	-4.46962343064271	-0.7075	0	0	0	190271	0	4
-4.46962343064271	-0.7075	-4.33510496602843	-0.7075	0	0	0	190271	0	4
-4.33510496602843	-0.7075	-4.20058650141414	-0.7075	0	0	0	190271	0	4
-4.20058650141414	-0.7075	-4.06606803679986	-0.7075	0	0	0	190271	0	4
-4.06606803679986	-0.7075	-3.93154957218557	-0.7075	0	0	0	190271	0	4
-3.93154957218557	-0.7075	-3.79703110757129	-0.7075	0	0	0	190271	0	4
-3.79703110757129	-0.7075	-3.662512642957	-0.7075	0	0	0	190271	0	4
-3.662512642957	-0.7075	-3.52799417834272	-0.7075	0	0	0	190271	0	4
-3.52799417834272	-0.7075	-3.39347571372844	-0.7075	0	0	0	190271	0	4
-3.39347571372844	-0.7075	-3.25895724911415	-0.7075	0	0	0	190271	0	4
-3.25895724911415	-0.7075	-3.12443878449987	-0.7075	0	0	0	190271	0	4
-3.12443878449987	-0.7075	-2.98992031988558	-0.7075	0	0	0	190271	0	4
-2.98992031988558	-0.7075	-2.8554018552713	-0.7075	0	0	0	190271	0	4
-2.8554018552713	-0.7075	-2.72088339065701	-0.7075	0	0	0	190271	0	4
-2.72088339065701	-0.7075	-2.58636492604273	-0.7075	0	0	0	190271	0	4
-2.58636492604273	-0.7075	-2.45184646142844	-0.7075	0	0	0	190271	0	4
-2.45184646142844	-0.7075	-2.31732799681416	-0.7075	0	0	0	190271	0	4
-2.31732799681416	-0.7075	-2.18280953219988	-0.7075	0	0	0	190271	0	4
-2.18280953219988	-0.7075	-2.04829106758559	-0.7075	0	0	0	190271	0	4
-2.04829106758559	-0.7075	-1.91377260297131	-0.7075	0	0	0	190271	0	4
-1.91377260297131	-0.7075	-1.77925413835702	-0.7075	0	0	0	190271	0	4
-1.77925413835702	-0.7075	-1.64473567374274	-0.7075	0	0	0	190271	0	4
-1.64473567374274	-0.7075	-1.51021720912845	-0.7075	0	0	0	190271	0	4
-1.51021720912845	-0.7075	-1.37569874451417	-0.7075	0	0	0	190271	0	4
-1.37569874451417	-0.7075	-1.24118027989988	-0.7075	0	0	0	190271	0	4
-1.24118027989988	-0.7075	-1.1066618152856	-0.7075	0	0	0	190271	0	4
-1.1066618152856	-0.7075	-0.972143350671315	-0.7075	0	0	0	190271	0	4
-0.972143350671315	-0.7075	-0.83762488605703	-0.7075	0	0	0	190271	0	4
-0.83762488605703	-0.7075	-0.703106421442746	-0.7075	0	0	0	190271	0	4
-0.703106421442746	-0.7075	-0.568587956828463	-0.7075	0	0	0	190271	0	4
-0.568587956828463	-0.7075	-0.434069492214178	-0.7075	0	0	0	190271	0	4
-0.434069492214178	-0.7075	-0.299551027599893	-0.7075	0	0	0	190271	0	4
-0.299551027599893	-0.7075	-0.165032562985608	-0.7075	0	0	0	190271	0	4
-0.165032562985608	-0.7075	-0.0305140983713237	-0.7075	0	0	0	190271	0	4
-0.0305140983713237	-0.7075	0.104004366242961	-0.7075	0	0	0	190271	0	4
0.104004366242961	-0.7075	0.238522830857246	-0.7075	0	0	0	190271	0	4
0.238522830857246	-0.7075	0.373041295471529	-0.7075	0	0	0	190271	0	4
0.373041295471529	-0.7075	0.507559760085813	-0.7075	0	0	0	190271	0	4
0.507559760085813	-0.7075	0.642078224700098	-0.7075	0	0	0	190271	0	4
0.642078224700098	-0.7075	0.776596689314383	-0.7075	0	0	0	190271	0	4
0.776596689314383	-0.7075	0.911115153928668	-0.7075	0	0	0	190271	0	4
0.911115153928668	-0.7075	1.04563361854295	-0.7075	0	0	0	190271	0	4
1.04563361854295	-0.7075	1.18015208315723	-0.7075	0	0	0	190271	0	4
1.18015208315723	-0.7075	1.31467054777152	-0.7075	0	0	0	190271	0	4
1.31467054777152	-0.7075	1.4491890123858	-0.7075	0	0	0	190271	0	4
1.4491890123858	-0.7075	1.58370747700009	-0.7075	0	0	0	190271	0	4
1.58370747700009	-0.7075	1.71822594161437	-0.7075	0	0	0	190271	0	4
1.71822594161437	-0.7075	1.85274440622866	-0.7075	0	0	0	190271	0	4
1.85274440622866	-0.7075	1.98726287084294	-0.7075	0	0	0	190271	0	4
1.98726287084294	-0.7075	2.12178133545723	-0.7075	0	0	0	190271	0	4
2.12178133545723	-0.7075	2.25629980007151	-0.7075	0	0	0	190271	0	4
2.25629980007151	-0.7075	2.39081826468579	-0.7075	0	0	0	190271	0	4
2.39081826468579	-0.7075	2.52533672930008	-0.7075	0	0	0	190271	0	4
2.52533672930008	-0.7075	2.65985519391436	-0.7075	0	0	0	190271	0	4
2.65985519391436	-0.7075	2.79437365852865	-0.7075	0	0	0	190271	0	4
2.79437365852865	-0.7075	2.92889212314293	-0.7075	0	0	0	190271	0	4
2.92889212314293	-0.7075	3.06341058775722	-0.7075	0	0	0	190271	0	4
3.06341058775722	-0.7075	3.1979290523715	-0.7075	0	0	0	190271	0	4
3.1979290523715	-0.7075	3.33244751698579	-0.7075	0	0	0	190271	0	4
3.33244751698579	-0.7075	3.46696598160007	-0.7075	0	0	0	190271	0	4
3.46696598160007	-0.7075	3.60148444621435	-0.7075	0	0	0	190271	0	4
3.60148444621435	-0.7075	3.73600291082864	-0.7075	0	0	0	190271	0	4
3.73600291082864	-0.7075	3.87052137544292	-0.7075	0	0	0	190271	0	4
3.87052137544292	-0.7075	4.00503984005721	-0.7075	0	0	0	190271	0	4
4.00503984005721	-0.7075	4.13955830467149	-0.7075	0	0	0	190271	0	4
4.13955830467149	-0.7075	4.27407676928578	-0.7075	0	0	0	190271	0	4
4.27407676928578	-0.7075	4.40859523390006	-0.7075	0	0	0	190271	0	4
4.40859523390006	-0.7075	4.54311369851435	-0.7075	0	0	0	190271	0	4
4.54311369851435	-0.7075	4.67763216312863	-0.7075	0	0	0	190271	0	4
4.67763216312863	-0.7075	4.81215062774291	-0.7075	0	0	0	190271	0	4
4.81215062774291	-0.7075	4.9466690923572	-0.7075	0	0	0	190271	0	4
4.9466690923572	-0.7075	5.08118755697148	-0.7075	0	0	0	190271	0	4
5.08118755697148	-0.7075	5.21570602158577	-0.7075	0	0	0	190271	0	4
5.21570602158577	-0.7075	5.35022448620005	-0.7075	0	0	0	190271	0	4
5.35022448620005	-0.7075	5.48474295081434	-0.7075	0	0	0	190271	0	4
5.48474295081434	-0.7075	5.61926141542862	-0.7075	0	0	0	190271	0	4
5.61926141542862	-0.7075	5.75377988004291	-0.7075	0	0	0	190271	0	4
5.75377988004291	-0.7075	5.88829834465719	-0.7075	0	0	0	190271	0	4
5.88829834465719	-0.7075	6.02281680927148	-0.7075	0	0	0	190271	0	4
6.02281680927148	-0.7075	6.15733527388576	-0.7075	0	0	0	190271	0	4
6.15733527388576	-0.7075	6.29185373850004	-0.7075	0	0	0	190271	0	4
6.29185373850004	-0.7075	6.42637220311433	-0.7075	0	0	0	190271	0	4
6.42637220311433	-0.7075	6.56089066772861	-0.7075	0	0	0	190271	0	4
6.56089066772861	-0.7075	6.6954091323429	-0.7075	0	0	0	190271	0	4
6.6954091323429	-0.7075	6.82992759695718	-0.7075	0	0	0	190271	0	4
6.82992759695718	-0.7075	6.96444606157147	-0.7075	0	0	0	190271	0	4
6.96444606157147	-0.7075	7.09896452618575	-0.7075	0	0	0	190271	0	4
7.09896452618575	-0.7075	7.23348299080004	-0.7075	0	0	0	190271	0	4
7.23348299080004	-0.7075	7.36800145541432	-0.7075	0	0	0	190271	0	4
7.36800145541432	-0.7075	7.5025199200286	-0.7075	0	0	0	190271	0	4
7.5025199200286	-0.7075	7.63703838464289	-0.7075	0	0	0	190271	0	4
7.63703838464289	-0.7075	7.77155684925717	-0.7075	0	0	0	190271	0	4
7.77155684925717	-0.7075	7.90607531387146	-0.7075	0	0	0	190271	0	4
7.90607531387146	-0.7075	8.04059377848574	-0.7075	0	0	0	190271	0	4
8.04059377848574	-0.7075	8.17511224310003	-0.7075	0	0	0	190271	0	4
8.17511224310003	-0.7075	8.30963070771431	-0.7075	0	0	0	190271	0	4
8.30963070771431	-0.7075	8.4441491723286	-0.7075	0	0	0	190271	0	4
8.4441491723286	-0.7075	8.57866763694288	-0.7075	0	0	0	190271	0	4
8.57866763694288	-0.7075	8.71318610155716	-0.7075	0	0	0	190271	0	4
8.71318610155716	-0.7075	8.84770456617145	-0.7075	0	0	0	190271	0	4
8.84770456617145	-0.7075	8.98222303078573	-0.7075	0	0	0	190271	0	4
8.98222303078573	-0.7075	9.11674149540002	-0.7075	0	0	0	190271	0	4
9.11674149540002	-0.7075	9.2512599600143	-0.7075	0	0	0	190271	0	4
9.2512599600143	-0.7075	9.38577842462859	-0.7075	0	0	0	190271	0	4
9.38577842462859	-0.7075	9.52029688924287	-0.7075	0	0	0	190271	0	4
9.52029688924287	-0.7075	9.65481535385716	-0.7075	0	0	0	190271	0	4
9.65481535385716	-0.7075	9.78933381847144	-0.7075	0	0	0	190271	0	4
9.78933381847144	-0.7075	9.92385228308572	-0.7075	0	0	0	190271	0	4
9.92385228308572	-0.7075	10.0583707477	-0.7075	0	0	0	190271	0	4
10.0583707477	-0.7075	10.1928892123143	-0.7075	0	0	0	190271	0	4
10.1928892123143	-0.7075	10.3274076769286	-0.7075	0	0	0	190271	0	4
10.3274076769286	-0.7075	10.4619261415429	-0.7075	0	0	0	190271	0	4
10.4619261415429	-0.7075	10.5964446061571	-0.7075	0	0	0	190271	0	4
10.5964446061571	-0.7075	10.7309630707714	-0.7075	0	0	0	190271	0	4
10.7309630707714	-0.7075	10.8654815353857	-0.7075	0	0	0	190271	0	4
10.8654815353857	-0.7075	11	-0.7075	0	0	0	190271	0	4
-11	-1.205	-10.8656464086951	-1.205	0	0	0	317034000	0	5
-10.8656464086951	-1.205	-10.7312928173903	-1.205	0	0	0	317034000	0	5
-10.7312928173903	-1.205	-10.5969392260854	-1.205	0	0	0	317034000	0	5
-10.5969392260854	-1.205	-10.4625856347806	-1.205	0	0	0	317034000	0	5
-10.4625856347806	-1.205	-10.3282320434757	-1.205	0	0	0	317034000	0	5
-10.3282320434757	-1.205	-10.1938784521709	-1.205	0	0	0	317034000	0	5
-10.1938784521709	-1.205	-10.059524860866	-1.205	0	0	0	317034000	0	5
-10.059524860866	-1.205	-9.92517126956116	-1.205	0	0	0	317034000	0	5
-9.92517126956116	-1.205	-9.79081767825631	-1.205	0	0	0	317034000	0	5
-9.79081767825631	-1.205	-9.65646408695145	-1.205	0	0	0	317034000	0	5
-9.65646408695145	-1.205	-9.5221104956466	-1.205	0	0	0	317034000	0	5
-9.5221104956466	-1.205	-9.38775690434174	-1.205	0	0	0	317034000	0	5
-9.38775690434174	-1.205	-9.25340331303689	-1.205	0	0	0	317034000	0	5
-9.25340331303689	-1.205	-9.11904972173203	-1.205	0	0	0	317034000	0	5
-9.11904972173203	-1.205	-8.98469613042717	-1.205	0	0	0	317034000	0	5
-8.98469613042717	-1.205	-8.85034253912232	-1.205	0	0	0	317034000	0	5
-8.85034253912232	-1.205	-8.71598894781746	-1.205	0	0	0	317034000	0	5
-8.71598894781746	-1.205	-8.58163535651261	-1.205	0	0	0	317034000	0	5
-8.58163535651261	-1.205	-8.44728176520776	-1.205	0	0	0	317034000	0	5
-8.44728176520776	-1.205	-8.3129281739029	-1.205	0	0	0	317034000	0	5
-8.3129281739029	-1.205	-8.17857458259805	-1.205	0	0	0	317034000	0	5
-7.64164233048495	-1.205	-7.50752979573326	-1.205	0	0	0	317034	0	6
-7.50752979573326	-1.205	-7.37341726098157	-1.205	0	0	0	317034	0	6
-7.37341726098157	-1.205	-7.23930472622988	-1.205	0	0	0	317034	0	6
-7.23930472622988	-1.205	-7.10519219147819	-1.205	0	0	0	317034	0	6
-7.10519219147819	-1.205	-6.9710796567265	-1.205	0	0	0	317034	0	6
-6.9710796567265	-1.205	-6.83696712197481	-1.205	0	0	0	317034	0	6
-6.83696712197481	-1.205	-6.70285458722312	-1.205	0	0	0	317034	0	6
-6.70285458722312	-1.205	-6.56874205247143	-1.205	0	0	0	317034	0	6
-6.56874205247143	-1.205	-6.43462951771974	-1.205	0	0	0	317034	0	6
-6.43462951771974	-1.205	-6.30051698296805	-1.205	0	0	0	317034	0	6
-6.30051698296805	-1.205	-6.16640444821636	-1.205	0	0	0	317034	0	6
-6.16640444821636	-1.205	-6.03229191346467	-1.205	0	0	0	317034	0	6
-6.03229191346467	-1.205	-5.89817937871298	-1.205	0	0	0	317034	0	6
-5.89817937871298	-1.205	-5.76406684396129	-1.205	0	0	0	317034	0	6
-5.76406684396129	-1.205	-5.6299543092096	-1.205	0	0	0	317034	0	6
-5.6299543092096	-1.205	-5.49584177445791	-1.205	0	0	0	317034	0	6
-5.49584177445791	-1.205	-5.36172923970622	-1.205	0	0	0	317034	0	6
-5.36172923970622	-1.205	-5.22761670495453	-1.205	0	0	0	317034	0	6
-5.22761670495453	-1.205	-5.09350417020284	-1.205	0	0	0	317034	0	6
-5.09350417020284	-1.205	-4.95939163545115	-1.205	0	0	0	317034	0	6
-4.95939163545115	-1.205	-4.82527910069946	-1.205	0	0	0	317034	0	6
-4.82527910069946	-1.205	-4.69116656594777	-1.205	0	0	0	317034	0	6
-4.69116656594777	-1.205	-4.55705403119608	-1.205	0	0	0	317034	0	6
-4.55705403119608	-1.205	-4.42294149644439	-1.205	0	0	0	317034	0	6
-4.42294149644439	-1.205	-4.2888289616927	-1.205	0	0	0	317034	0	6
-4.2888289616927	-1.205	-4.15471642694101	-1.205	0	0	0	317034	0	6
-4.15471642694101	-1.205	-4.02060389218932	-1.205	0	0	0	317034	0	6
-4.02060389218932	-1.205	-3.88649135743763	-1.205	0	0	0	317034	0	6
-3.88649135743763	-1.205	-3.75237882268593	-1.205	0	0	0	317034	0	6
-3.75237882268593	-1.205	-3.61826628793424	-1.205	0	0	0	317034	0	6
-3.61826628793424	-1.205	-3.48415375318255	-1.205	0	0	0	317034	0	6
-3.48415375318255	-1.205	-3.35004121843086	-1.205	0	0	0	317034	0	6
-3.35004121843086	-1.205	-3.21592868367917	-1.205	0	0	0	317034	0	6
-3.21592868367917	-1.205	-3.08181614892748	-1.205	0	0	0	317034	0	6
-3.08181614892748	-1.205	-2.94770361417579	-1.205	0	0	0	317034	0	6
-2.94770361417579	-1.205	-2.8135910794241	-1.205	0	0	0	317034	0	6
-2.8135910794241	-1.205	-2.67947854467241	-1.205	0	0	0	317034	0	6
-2.67947854467241	-1.205	-2.54536600992072	-1.205	0	0	0	317034	0	6
-2.54536600992072	-1.205	-2.41125347516903	-1.205	0	0	0	317034	0	6
-2.41125347516903	-1.205	-2.27714094041734	-1.205	0	0	0	317034	0	6
-2.27714094041734	-1.205	-2.14302840566565	-1.205	0	0	0	317034	0	6
-2.14302840566565	-1.205	-2.00891587091396	-1.205	0	0	0	317034	0	6
-2.00891587091396	-1.205	-1.87480333616227	-1.205	0	0	0	317034	0	6
-1.87480333616227	-1.205	-1.74069080141058	-1.205	0	0	0	317034	0	6
-1.74069080141058	-1.205	-1.60657826665889	-1.205	0	0	0	317034	0	6
-1.60657826665889	-1.205	-1.4724657319072	-1.205	0	0	0	317034	0	6
-1.4724657319072	-1.205	-1.33835319715551	-1.205	0	0	0	317034	0	6
-1.33835319715551	-1.205	-1.20424066240382	-1.205	0	0	0	317034	0	6
-1.20424066240382	-1.205	-1.07012812765213	-1.205	0	0	0	317034	0	6
-1.07012812765213	-1.205	-0.936015592900438	-1.205	0	0	0	317034	0	6
-0.936015592900438	-1.205	-0.801903058148747	-1.205	0	0	0	317034	0	6
-0.801903058148747	-1.205	-0.667790523397057	-1.205	0	0	0	317034	0	6
-0.667790523397057	-1.205	-0.533677988645367	-1.205	0	0	0	317034	0	6
-0.533677988645367	-1.205	-0.399565453893676	-1.205	0	0	0	317034	0	6
-0.399565453893676	-1.205	-0.265452919141986	-1.205	0	0	0	317034	0	6
-0.265452919141986	-1.205	-0.131340384390296	-1.205	0	0	0	317034	0	6
-0.131340384390296	-1.205	0.00277215036139378	-1.205	0	0	0	317034	0	6
0.00277215036139378	-1.205	0.136884685113084	-1.205	0	0	0	317034	0	6
0.136884685113084	-1.205	0.270997219864776	-1.205	0	0	0	317034	0	6
0.270997219864776	-1.205	0.405109754616466	-1.205	0	0	0	317034	0	6
0.405109754616466	-1.205	0.539222289368156	-1.205	0	0	0	317034	0	6
0.539222289368156	-1.205	0.673334824119846	-1.205	0	0	0	317034	0	6
0.673334824119846	-1.205	0.807447358871536	-1.205	0	0	0	317034	0	6
0.807447358871536	-1.205	0.941559893623226	-1.205	0	0	0	317034	0	6
0.941559893623226	-1.205	1.07567242837492	-1.205	0	0	0	317034	0	6
1.07567242837492	-1.205	1.20978496312661	-1.205	0	0	0	317034	0	6
1.20978496312661	-1.205	1.3438974978783	-1.205	0	0	0	317034	0	6
1.3438974978783	-1.205	1.47801003262999	-1.205	0	0	0	317034	0	6
1.47801003262999	-1.205	1.61212256738168	-1.205	0	0	0	317034	0	6
1.61212256738168	-1.205	1.74623510213337	-1.205	0	0	0	317034	0	6
1.74623510213337	-1.205	1.88034763688506	-1.205	0	0	0	317034	0	6
1.88034763688506	-1.205	2.01446017163675	-1.205	0	0	0	317034	0	6
2.01446017163675	-1.205	2.14857270638844	-1.205	0	0	0	317034	0	6
2.14857270638844	-1.205	2.28268524114013	-1.205	0	0	0	317034	0	6
2.28268524114013	-1.205	2.41679777589182	-1.205	0	0	0	317034	0	6
2.41679777589182	-1.205	2.55091031064351	-1.205	0	0	0	317034	0	6
2.55091031064351	-1.205	2.6850228453952	-1.205	0	0	0	317034	0	6
2.6850228453952	-1.205	2.81913538014689	-1.205	0	0	0	317034	0	6
2.81913538014689	-1.205	2.95324791489858	-1.205	0	0	0	317034	0	6
2.95324791489858	-1.205	3.08736044965027	-1.205	0	0	0	317034	0	6
3.08736044965027	-1.205	3.22147298440196	-1.205	0	0	0	317034	0	6
3.22147298440196	-1.205	3.35558551915365	-1.205	0	0	0	317034	0	6
3.35558551915365	-1.205	3.48969805390534	-1.205	0	0	0	317034	0	6
3.48969805390534	-1.205	3.62381058865703	-1.205	0	0	0	317034	0	6
3.62381058865703	-1.205	3.75792312340872	-1.205	0	0	0	317034	0	6
3.75792312340872	-1.205	3.89203565816041	-1.205	0	0	0	317034	0	6
3.89203565816041	-1.205	4.0261481929121	-1.205	0	0	0	317034	0	6
4.0261481929121	-1.205	4.16026072766379	-1.205	0	0	0	317034	0	6
4.16026072766379	-1.205	4.29437326241548	-1.205	0	0	0	317034	0	6
4.29437326241548	-1.205	4.42848579716717	-1.205	0	0	0	317034	0	6
4.42848579716717	-1.205	4.56259833191886	-1.205	0	0	0	317034	0	6
4.56259833191886	-1.205	4.69671086667055	-1.205	0	0	0	317034	0	6
4.69671086667055	-1.205	4.83082340142225	-1.205	0	0	0	317034	0	6
4.83082340142225	-1.205	4.96493593617394	-1.205	0	0	0	317034	0	6
4.96493593617394	-1.205	5.09904847092563	-1.205	0	0	0	317034	0	6
5.09904847092563	-1.205	5.23316100567732	-1.205	0	0	0	317034	0	6
5.23316100567732	-1.205	5.36727354042901	-1.205	0	0	0	317034	0	6
5.36727354042901	-1.205	5.5013860751807	-1.205	0	0	0	317034	0	6
5.5013860751807	-1.205	5.63549860993239	-1.205	0	0	0	317034	0	6
5.63549860993239	-1.205	5.76961114468408	-1.205	0	0	0	317034	0	6
5.76961114468408	-1.205	5.90372367943577	-1.205	0	0	0	317034	0	6
5.90372367943577	-1.205	6.03783621418746	-1.205	0	0	0	317034	0	6
6.03783621418746	-1.205	6.17194874893915	-1.205	0	0	0	317034	0	6
6.17194874893915	-1.205	6.30606128369084	-1.205	0	0	0	317034	0	6
6.30606128369084	-1.205	6.44017381844253	-1.205	0	0	0	317034	0	6
6.44017381844253	-1.205	6.57428635319422	-1.205	0	0	0	317034	0	6
6.57428635319422	-1.205	6.70839888794591	-1.205	0	0	0	317034	0	6
6.70839888794591	-1.205	6.8425114226976	-1.205	0	0	0	317034	0	6
6.8425114226976	-1.205	6.97662395744929	-1.205	0	0	0	317034	0	6
6.97662395744929	-1.205	7.11073649220098	-1.205	0	0	0	317034	0	6
7.11073649220098	-1.205	7.24484902695267	-1.205	0	0	0	317034	0	6
7.24484902695267	-1.205	7.37896156170436	-1.205	0	0	0	317034	0	6
7.37896156170436	-1.205	7.51307409645605	-1.205	0	0	0	317034	0	6
7.51307409645605	-1.205	7.64718663120774	-1.205	0	0	0	317034	0	6
7.64718663120774	-1.205	7.78129916595943	-1.205	0	0	0	317034	0	6
7.78129916595943	-1.205	7.91541170071112	-1.205	0	0	0	317034	0	6
7.91541170071112	-1.205	8.04952423546281	-1.205	0	0	0	317034	0	6
8.04952423546281	-1.205	8.1836367702145	-1.205	0	0	0	317034	0	6
8.1836367702145	-1.205	8.31774930496619	-1.205	0	0	0	317034	0	6
8.31774930496619	-1.205	8.45186183971788	-1.205	0	0	0	317034	0	6
8.45186183971788	-1.205	8.58597437446957	-1.205	0	0	0	317034	0	6
8.58597437446957	-1.205	8.72008690922126	-1.205	0	0	0	317034	0	6
8.72008690922126	-1.205	8.85419944397296	-1.205	0	0	0	317034	0	6
8.85419944397296	-1.205	8.98831197872465	-1.205	0	0	0	317034	0	6
8.98831197872465	-1.205	9.12242451347634	-1.205	0	0	0	317034	0	6
9.12242451347634	-1.205	9.25653704822803	-1.205	0	0	0	317034	0	6
9.25653704822803	-1.205	9.39064958297972	-1.205	0	0	0	317034	0	6
9.39064958297972	-1.205	9.52476211773141	-1.205	0	0	0	317034	0	6
9.52476211773141	-1.205	9.6588746524831	-1.205	0	0	0	317034	0	6
9.6588746524831	-1.205	9.79298718723479	-1.205	0	0	0	317034	0	6
9.79298718723479	-1.205	9.92709972198648	-1.205	0	0	0	317034	0	6
9.92709972198648	-1.205	10.0612122567382	-1.205	0	0	0	317034	0	6
10.0612122567382	-1.205	10.1953247914899	-1.205	0	0	0	317034	0	6
10.1953247914899	-1.205	10.3294373262415	-1.205	0	0	0	317034	0	6
10.3294373262415	-1.205	10.4635498609932	-1.205	0	0	0	317034	0	6
10.4635498609932	-1.205	10.5976623957449	-1.205	0	0	0	317034	0	6
10.5976623957449	-1.205	10.7317749304966	-1.205	0	0	0	317034	0	6
10.7317749304966	-1.205	10.8658874652483	-1.205	0	0	0	317034	0	6
10.8658874652483	-1.205	11	-1.205	0	0	0	317034	0	6
-11	-1.7025	-10.8676069530349	-1.7025	0	0	0	443797000	0	7
-10.8676069530349	-1.7025	-10.7352139060697	-1.7025	0	0	0	443797000	0	7
-10.7352139060697	-1.7025	-10.6028208591046	-1.7025	0	0	0	443797000	0	7
-10.6028208591046	-1.7025	-10.4704278121394	-1.7025	0	0	0	443797000	0	7
-10.4704278121394	-1.7025	-10.3380347651743	-1.7025	0	0	0	443797000	0	7
-10.3380347651743	-1.7025	-10.2056417182091	-1.7025	0	0	0	443797000	0	7
-10.2056417182091	-1.7025	-10.073248671244	-1.7025	0	0	0	443797000	0	7
-10.073248671244	-1.7025	-9.94085562427886	-1.7025	0	0	0	443797000	0	7
-9.94085562427886	-1.7025	-9.80846257731372	-1.7025	0	0	0	443797000	0	7
-9.80846257731372	-1.7025	-9.67606953034858	-1.7025	0	0	0	443797000	0	7
-9.67606953034858	-1.7025	-9.54367648338343	-1.7025	0	0	0	443797000	0	7
-9.54367648338343	-1.7025	-9.41128343641829	-1.7025	0	0	0	443797000	0	7
-9.41128343641829	-1.7025	-9.27889038945315	-1.7025	0	0	0	443797000	0	7
-9.27889038945315	-1.7025	-9.14649734248801	-1.7025	0	0	0	443797000	0	7
-9.14649734248801	-1.7025	-9.01410429552286	-1.7025	0	0	0	443797000	0	7
-9.01410429552286	-1.7025	-8.88171124855772	-1.7025	0	0	0	443797000	0	7
-8.88171124855772	-1.7025	-8.74931820159258	-1.7025	0	0	0	443797000	0	7
-8.74931820159258	-1.7025	-8.61692515462744	-1.7025	0	0	0	443797000	0	7
-8.61692515462744	-1.7025	-8.48453210766229	-1.7025	0	0	0	443797000	0	7
-8.48453210766229	-1.7025	-8.35213906069715	-1.7025	0	0	0	443797000	0	7
-8.35213906069715	-1.7025	-8.21974601373201	-1.7025	0	0	0	443797000	0	7
-8.21974601373201	-1.7025	-8.08735296676687	-1.7025	0	0	0	443797000	0	7
-8.08735296676687	-1.7025	-7.95495991980172	-1.7025	0	0	0	443797000	0	7
-7.95495991980172	-1.7025	-7.82256687283658	-1.7025	0	0	0	443797000	0	7
-7.82256687283658	-1.7025	-7.69017382587144	-1.7025	0	0	0	443797000	0	7
-7.69017382587144	-1.7025	-7.5577807789063	-1.7025	0	0	0	443797000	0	7
-7.5577807789063	-1.7025	-7.42538773194115	-1.7025	0	0	0	443797000	0	7
-7.42538773194115	-1.7025	-7.29299468497601	-1.7025	0	0	0	443797000	0	7
-6.75913085088087	-1.7025	-6.62459198079843	-1.7025	0	0	0	443797	0	8
-6.62459198079843	-1.7025	-6.490053110716	-1.7025	0	0	0	443797	0	8
-6.490053110716	-1.7025	-6.35551424063357	-1.7025	0	0	0	443797	0	8
-6.35551424063357	-1.7025	-6.22097537055114	-1.7025	0	0	0	443797	0	8
-6.22097537055114	-1.7025	-6.08643650046871	-1.7025	0	0	0	443797	0	8
-6.08643650046871	-1.7025	-5.95189763038628	-1.7025	0	0	0	443797	0	8
-5.95189763038628	-1.7025	-5.81735876030385	-1.7025	0	0	0	443797	0	8
-5.81735876030385	-1.7025	-5.68281989022142	-1.7025	0	0	0	443797	0	8
-5.68281989022142	-1.7025	-5.54828102013899	-1.7025	0	0	0	443797	0	8
-5.54828102013899	-1.7025	-5.41374215005656	-1.7025	0	0	0	443797	0	8
-5.41374215005656	-1.7025	-5.27920327997413	-1.7025	0	0	0	443797	0	8
-5.27920327997413	-1.7025	-5.1446644098917	-1.7025	0	0	0	443797	0	8
-5.1446644098917	-1.7025	-5.01012553980926	-1.7025	0	0	0	443797	0	8
-5.01012553980926	-1.7025	-4.87558666972683	-1.7025	0	0	0	443797	0	8
-4.87558666972683	-1.7025	-4.7410477996444	-1.7025	0	0	0	443797	0	8
-4.7410477996444	-1.7025	-4.60650892956197	-1.7025	0	0	0	443797	0	8
-4.60650892956197	-1.7025	-4.47197005947954	-1.7025	0	0	0	443797	0	8
-4.47197005947954	-1.7025	-4.33743118939711	-1.7025	0	0	0	443797	0	8
-4.33743118939711	-1.7025	-4.20289231931468	-1.7025	0	0	0	443797	0	8
-4.20289231931468	-1.7025	-4.06835344923225	-1.7025	0	0	0	443797	0	8
-4.06835344923225	-1.7025	-3.93381457914982	-1.7025	0	0	0	443797	0	8
-3.93381457914982	-1.7025	-3.79927570906739	-1.7025	0	0	0	443797	0	8
-3.79927570906739	-1.7025	-3.66473683898496	-1.7025	0	0	0	443797	0	8
-3.66473683898496	-1.7025	-3.53019796890253	-1.7025	0	0	0	443797	0	8
-3.53019796890253	-1.7025	-3.39565909882009	-1.7025	0	0	0	443797	0	8
-3.39565909882009	-1.7025	-3.26112022873766	-1.7025	0	0	0	443797	0	8
-3.26112022873766	-1.7025	-3.12658135865523	-1.7025	0	0	0	443797	0	8
-3.12658135865523	-1.7025	-2.9920424885728	-1.7025	0	0	0	443797	0	8
-2.9920424885728	-1.7025	-2.85750361849037	-1.7025	0	0	0	443797	0	8
-2.85750361849037	-1.7025	-2.72296474840794	-1.7025	0	0	0	443797	0	8
-2.72296474840794	-1.7025	-2.58842587832551	-1.7025	0	0	0	443797	0	8
-2.58842587832551	-1.7025	-2.45388700824308	-1.7025	0	0	0	443797	0	8
-2.45388700824308	-1.7025	-2.31934813816065	-1.7025	0	0	0	443797	0	8
-2.31934813816065	-1.7025	-2.18480926807822	-1.7025	0	0	0	443797	0	8
-2.18480926807822	-1.7025	-2.05027039799579	-1.7025	0	0	0	443797	0	8
-2.05027039799579	-1.7025	-1.91573152791336	-1.7025	0	0	0	443797	0	8
-1.91573152791336	-1.7025	-1.78119265783093	-1.7025	0	0	0	443797	0	8
-1.78119265783093	-1.7025	-1.64665378774849	-1.7025	0	0	0	443797	0	8
-1.64665378774849	-1.7025	-1.51211491766606	-1.7025	0	0	0	443797	0	8
-1.51211491766606	-1.7025	-1.37757604758363	-1.7025	0	0	0	443797	0	8
-1.37757604758363	-1.7025	-1.2430371775012	-1.7025	0	0	0	443797	0	8
-1.2430371775012	-1.7025	-1.10849830741877	-1.7025	0	0	0	443797	0	8
-1.10849830741877	-1.7025	-0.973959437336341	-1.7025	0	0	0	443797	0	8
-0.973959437336341	-1.7025	-0.83942056725391	-1.7025	0	0	0	443797	0	8
-0.83942056725391	-1.7025	-0.704881697171479	-1.7025	0	0	0	443797	0	8
-0.704881697171479	-1.7025	-0.570342827089049	-1.7025	0	0	0	443797	0	8
-0.570342827089049	-1.7025	-0.435803957006618	-1.7025	0	0	0	443797	0	8
-0.435803957006618	-1.7025	-0.301265086924187	-1.7025	0	0	0	443797	0	8
-0.301265086924187	-1.7025	-0.166726216841756	-1.7025	0	0	0	443797	0	8
-0.166726216841756	-1.7025	-0.0321873467593257	-1.7025	0	0	0	443797	0	8
-0.0321873467593257	-1.7025	0.102351523323105	-1.7025	0	0	0	443797	0	8
0.102351523323105	-1.7025	0.236890393405536	-1.7025	0	0	0	443797	0	8
0.236890393405536	-1.7025	0.371429263487967	-1.7025	0	0	0	443797	0	8
0.371429263487967	-1.7025	0.505968133570398	-1.7025	0	0	0	443797	0	8
0.505968133570398	-1.7025	0.640507003652829	-1.7025	0	0	0	443797	0	8
0.640507003652829	-1.7025	0.77504587373526	-1.7025	0	0	0	443797	0	8
0.77504587373526	-1.7025	0.90958474381769	-1.7025	0	0	0	443797	0	8
0.90958474381769	-1.7025	1.04412361390012	-1.7025	0	0	0	443797	0	8
1.04412361390012	-1.7025	1.17866248398255	-1.7025	0	0	0	443797	0	8
1.17866248398255	-1.7025	1.31320135406498	-1.7025	0	0	0	443797	0	8
1.31320135406498	-1.7025	1.44774022414741	-1.7025	0	0	0	443797	0	8
1.44774022414741	-1.7025	1.58227909422984	-1.7025	0	0	0	443797	0	8
1.58227909422984	-1.7025	1.71681796431227	-1.7025	0	0	0	443797	0	8
1.71681796431227	-1.7025	1.85135683439471	-1.7025	0	0	0	443797	0	8
1.85135683439471	-1.7025	1.98589570447714	-1.7025	0	0	0	443797	0	8
1.98589570447714	-1.7025	2.12043457455957	-1.7025	0	0	0	443797	0	8
2.12043457455957	-1.7025	2.254973444642	-1.7025	0	0	0	443797	0	8
2.254973444642	-1.7025	2.38951231472443	-1.7025	0	0	0	443797	0	8
2.38951231472443	-1.7025	2.52405118480686	-1.7025	0	0	0	443797	0	8
2.52405118480686	-1.7025	2.65859005488929	-1.7025	0	0	0	443797	0	8
2.65859005488929	-1.7025	2.79312892497172	-1.7025	0	0	0	443797	0	8
2.79312892497172	-1.7025	2.92766779505415	-1.7025	0	0	0	443797	0	8
2.92766779505415	-1.7025	3.06220666513658	-1.7025	0	0	0	443797	0	8
3.06220666513658	-1.7025	3.19674553521901	-1.7025	0	0	0	443797	0	8
3.19674553521901	-1.7025	3.33128440530144	-1.7025	0	0	0	443797	0	8
3.33128440530144	-1.7025	3.46582327538388	-1.7025	0	0	0	443797	0	8
3.46582327538388	-1.7025	3.60036214546631	-1.7025	0	0	0	443797	0	8
3.60036214546631	-1.7025	3.73490101554874	-1.7025	0	0	0	443797	0	8
3.73490101554874	-1.7025	3.86943988563117	-1.7025	0	0	0	443797	0	8
3.86943988563117	-1.7025	4.0039787557136	-1.7025	0	0	0	443797	0	8
4.0039787557136	-1.7025	4.13851762579603	-1.7025	0	0	0	443797	0	8
4.13851762579603	-1.7025	4.27305649587846	-1.7025	0	0	0	443797	0	8
4.27305649587846	-1.7025	4.40759536596089	-1.7025	0	0	0	443797	0	8
4.40759536596089	-1.7025	4.54213423604332	-1.7025	0	0	0	443797	0	8
4.54213423604332	-1.7025	4.67667310612575	-1.7025	0	0	0	443797	0	8
4.67667310612575	-1.7025	4.81121197620818	-1.7025	0	0	0	443797	0	8
4.81121197620818	-1.7025	4.94575084629061	-1.7025	0	0	0	443797	0	8
4.94575084629061	-1.7025	5.08028971637304	-1.7025	0	0	0	443797	0	8
5.08028971637304	-1.7025	5.21482858645548	-1.7025	0	0	0	443797	0	8
5.21482858645548	-1.7025	5.34936745653791	-1.7025	0	0	0	443797	0	8
5.34936745653791	-1.7025	5.48390632662034	-1.7025	0	0	0	443797	0	8
5.48390632662034	-1.7025	5.61844519670277	-1.7025	0	0	0	443797	0	8
5.61844519670277	-1.7025	5.7529840667852	-1.7025	0	0	0	443797	0	8
5.7529840667852	-1.7025	5.88752293686763	-1.7025	0	0	0	443797	0	8
5.88752293686763	-1.7025	6.02206180695006	-1.7025	0	0	0	443797	0	8
6.02206180695006	-1.7025	6.15660067703249	-1.7025	0	0	0	443797	0	8
6.15660067703249	-1.7025	6.29113954711492	-1.7025	0	0	0	443797	0	8
6.29113954711492	-1.7025	6.42567841719735	-1.7025	0	0	0	443797	0	8
6.42567841719735	-1.7025	6.56021728727978	-1.7025	0	0	0	443797	0	8
6.56021728727978	-1.7025	6.69475615736221	-1.7025	0	0	0	443797	0	8
6.69475615736221	-1.7025	6.82929502744465	-1.7025	0	0	0	443797	0	8
6.82929502744465	-1.7025	6.96383389752708	-1.7025	0	0	0	443797	0	8
6.96383389752708	-1.7025	7.09837276760951	-1.7025	0	0	0	443797	0	8
7.09837276760951	-1.7025	7.23291163769194	-1.7025	0	0	0	443797	0	8
7.23291163769194	-1.7025	7.36745050777437	-1.7025	0	0	0	443797	0	8
7.36745050777437	-1.7025	7.5019893778568	-1.7025	0	0	0	443797	0	8
7.5019893778568	-1.7025	7.63652824793923	-1.7025	0	0	0	443797	0	8
7.63652824793923	-1.7025	7.77106711802166	-1.7025	0	0	0	443797	0	8
7.77106711802166	-1.7025	7.90560598810409	-1.7025	0	0	0	443797	0	8
7.90560598810409	-1.7025	8.04014485818652	-1.7025	0	0	0	443797	0	8
8.04014485818652	-1.7025	8.17468372826895	-1.7025	0	0	0	443797	0	8
8.17468372826895	-1.7025	8.30922259835138	-1.7025	0	0	0	443797	0	8
8.30922259835138	-1.7025	8.44376146843381	-1.7025	0	0	0	443797	0	8
8.44376146843381	-1.7025	8.57830033851625	-1.7025	0	0	0	443797	0	8
8.57830033851625	-1.7025	8.71283920859868	-1.7025	0	0	0	443797	0	8
8.71283920859868	-1.7025	8.84737807868111	-1.7025	0	0	0	443797	0	8
8.84737807868111	-1.7025	8.98191694876354	-1.7025	0	0	0	443797	0	8
8.98191694876354	-1.7025	9.11645581884597	-1.7025	0	0	0	443797	0	8
9.11645581884597	-1.7025	9.2509946889284	-1.7025	0	0	0	443797	0	8
9.2509946889284	-1.7025	9.38553355901083	-1.7025	0	0	0	443797	0	8
9.38553355901083	-1.7025	9.52007242909326	-1.7025	0	0	0	443797	0	8
9.52007242909326	-1.7025	9.65461129917569	-1.7025	0	0	0	443797	0	8
9.65461129917569	-1.7025	9.78915016925812	-1.7025	0	0	0	443797	0	8
9.78915016925812	-1.7025	9.92368903934055	-1.7025	0	0	0	443797	0	8
9.92368903934055	-1.7025	10.058227909423	-1.7025	0	0	0	443797	0	8
10.058227909423	-1.7025	10.1927667795054	-1.7025	0	0	0	443797	0	8
10.1927667795054	-1.7025	10.3273056495878	-1.7025	0	0	0	443797	0	8
10.3273056495878	-1.7025	10.4618445196703	-1.7025	0	0	0	443797	0	8
10.4618445196703	-1.7025	10.5963833897527	-1.7025	0	0	0	443797	0	8
10.5963833897527	-1.7025	10.7309222598351	-1.7025	0	0	0	443797	0	8
10.7309222598351	-1.7025	10.8654611299176	-1.7025	0	0	0	443797	0	8
10.8654611299176	-1.7025	11	-1.7025	0	0	0	443797	0	8
-11	-2.2	-10.8683388003233	-2.2	0	0	0	570560000	0	9
-10.8683388003233	-2.2	-10.7366776006466	-2.2	0	0	0	570560000	0	9
-10.7366776006466	-2.2	-10.6050164009699	-2.2	0	0	0	570560000	0	9
-10.6050164009699	-2.2	-10.4733552012932	-2.2	0	0	0	570560000	0	9
-10.4733552012932	-2.2	-10.3416940016164	-2.2	0	0	0	570560000	0	9
-10.3416940016164	-2.2	-10.2100328019397	-2.2	0	0	0	570560000	0	9
-10.2100328019397	-2.2	-10.078371602263	-2.2	0	0	0	570560000	0	9
-10.078371602263	-2.2	-9.94671040258631	-2.2	0	0	0	570560000	0	9
-9.94671040258631	-2.2	-9.8150492029096	-2.2	0	0	0	570560000	0	9
-9.8150492029096	-2.2	-9.68338800323289	-2.2	0	0	0	570560000	0	9
-9.68338800323289	-2.2	-9.55172680355617	-2.2	0	0	0	570560000	0	9
-9.55172680355617	-2.2	-9.42006560387946	-2.2	0	0	0	570560000	0	9
-9.42006560387946	-2.2	-9.28840440420275	-2.2	0	0	0	570560000	0	9
-9.28840440420275	-2.2	-9.15674320452604	-2.2	0	0	0	570560000	0	9
-9.15674320452604	-2.2	-9.02508200484933	-2.2	0	0	0	570560000	0	9
-9.02508200484933	-2.2	-8.89342080517262	-2.2	0	0	0	570560000	0	9
-8.89342080517262	-2.2	-8.76175960549591	-2.2	0	0	0	570560000	0	9
-8.76175960549591	-2.2	-8.6300984058192	-2.2	0	0	0	570560000	0	9
-8.6300984058192	-2.2	-8.49843720614248	-2.2	0	0	0	570560000	0	9
-8.49843720614248	-2.2	-8.36677600646577	-2.2	0	0	0	570560000	0	9
-8.36677600646577	-2.2	-8.23511480678906	-2.2	0	0	0	570560000	0	9
-8.23511480678906	-2.2	-8.10345360711235	-2.2	0	0	0	570560000	0	9
-8.10345360711235	-2.2	-7.97179240743564	-2.2	0	0	0	570560000	0	9
-7.97179240743564	-2.2	-7.84013120775893	-2.2	0	0	0	570560000	0	9
-7.84013120775893	-2.2	-7.70847000808222	-2.2	0	0	0	570560000	0	9
-7.70847000808222	-2.2	-7.5768088084055	-2.2	0	0	0	570560000	0	9
-7.5768088084055	-2.2	-7.44514760872879	-2.2	0	0	0	570560000	0	9
-7.44514760872879	-2.2	-7.31348640905208	-2.2	0	0	0	570560000	0	9
-7.31348640905208	-2.2	-7.18182520937537	-2.2	0	0	0	570560000	0	9
-7.18182520937537	-2.2	-7.05016400969866	-2.2	0	0	0	570560000	0	9
-7.05016400969866	-2.2	-6.91850281002195	-2.2	0	0	0	570560000	0	9
-6.91850281002195	-2.2	-6.78684161034524	-2.2	0	0	0	570560000	0	9
-6.78684161034524	-2.2	-6.65518041066853	-2.2	0	0	0	570560000	0	9
-6.65518041066853	-2.2	-6.52351921099181	-2.2	0	0	0	570560000	0	9
-6.52351921099181	-2.2	-6.3918580113151	-2.2	0	0	0	570560000	0	9
-6.3918580113151	-2.2	-6.26019681163839	-2.2	0	0	0	570560000	0	9
-5.72708275494711	-2.2	-5.59218692627818	-2.2	0	0	0	570560	0	10
-5.59218692627818	-2.2	-5.45729109760926	-2.2	0	0	0	570560	0	10
-5.45729109760926	-2.2	-5.32239526894033	-2.2	0	0	0	570560	0	10
-5.32239526894033	-2.2	-5.1874994402714	-2.2	0	0	0	570560	0	10
-5.1874994402714	-2.2	-5.05260361160247	-2.2	0	0	0	570560	0	10
-5.05260361160247	-2.2	-4.91770778293354	-2.2	0	0	0	570560	0	10
-4.91770778293354	-2.2	-4.78281195426461	-2.2	0	0	0	570560	0	10
-4.78281195426461	-2.2	-4.64791612559569	-2.2	0	0	0	570560	0	10
-4.64791612559569	-2.2	-4.51302029692676	-2.2	0	0	0	570560	0	10
-4.51302029692676	-2.2	-4.37812446825783	-2.2	0	0	0	570560	0	10
-4.37812446825783	-2.2	-4.2432286395889	-2.2	0	0	0	570560	0	10
-4.2432286395889	-2.2	-4.10833281091997	-2.2	0	0	0	570560	0	10
-4.10833281091997	-2.2	-3.97343698225104	-2.2	0	0	0	570560	0	10
-3.97343698225104	-2.2	-3.83854115358212	-2.2	0	0	0	570560	0	10
-3.83854115358212	-2.2	-3.70364532491319	-2.2	0	0	0	570560	0	10
-3.70364532491319	-2.2	-3.56874949624426	-2.2	0	0	0	570560	0	10
-3.56874949624426	-2.2	-3.43385366757533	-2.2	0	0	0	570560	0	10
-3.43385366757533	-2.2	-3.2989578389064	-2.2	0	0	0	570560	0	10
-3.2989578389064	-2.2	-3.16406201023747	-2.2	0	0	0	570560	0	10
-3.16406201023747	-2.2	-3.02916618156855	-2.2	0	0	0	570560	0	10
-3.02916618156855	-2.2	-2.89427035289962	-2.2	0	0	0	570560	0	10
-2.89427035289962	-2.2	-2.75937452423069	-2.2	0	0	0	570560	0	10
-2.75937452423069	-2.2	-2.62447869556176	-2.2	0	0	0	570560	0	10
-2.62447869556176	-2.2	-2.48958286689283	-2.2	0	0	0	570560	0	10
-2.48958286689283	-2.2	-2.3546870382239	-2.2	0	0	0	570560	0	10
-2.3546870382239	-2.2	-2.21979120955498	-2.2	0	0	0	570560	0	10
-2.21979120955498	-2.2	-2.08489538088605	-2.2	0	0	0	570560	0	10
-2.08489538088605	-2.2	-1.94999955221712	-2.2	0	0	0	570560	0	10
-1.94999955221712	-2.2	-1.81510372354819	-2.2	0	0	0	570560	0	10
-1.81510372354819	-2.2	-1.68020789487926	-2.2	0	0	0	570560	0	10
-1.68020789487926	-2.2	-1.54531206621034	-2.2	0	0	0	570560	0	10
-1.54531206621034	-2.2	-1.41041623754141	-2.2	0	0	0	570560	0	10
-1.41041623754141	-2.2	-1.27552040887248	-2.2	0	0	0	570560	0	10
-1.27552040887248	-2.2	-1.14062458020355	-2.2	0	0	0	570560	0	10
-1.14062458020355	-2.2	-1.00572875153462	-2.2	0	0	0	570560	0	10
-1.00572875153462	-2.2	-0.870832922865693	-2.2	0	0	0	570560	0	10
-0.870832922865693	-2.2	-0.735937094196765	-2.2	0	0	0	570560	0	10
-0.735937094196765	-2.2	-0.601041265527837	-2.2	0	0	0	570560	0	10
-0.601041265527837	-2.2	-0.466145436858909	-2.2	0	0	0	570560	0	10
-0.466145436858909	-2.2	-0.331249608189981	-2.2	0	0	0	570560	0	10
-0.331249608189981	-2.2	-0.196353779521052	-2.2	0	0	0	570560	0	10
-0.196353779521052	-2.2	-0.061457950852124	-2.2	0	0	0	570560	0	10
-0.061457950852124	-2.2	0.0734378778168043	-2.2	0	0	0	570560	0	10
0.0734378778168043	-2.2	0.208333706485733	-2.2	0	0	0	570560	0	10
0.208333706485733	-2.2	0.343229535154661	-2.2	0	0	0	570560	0	10
0.343229535154661	-2.2	0.478125363823589	-2.2	0	0	0	570560	0	10
0.478125363823589	-2.2	0.613021192492518	-2.2	0	0	0	570560	0	10
0.613021192492518	-2.2	0.747917021161446	-2.2	0	0	0	570560	0	10
0.747917021161446	-2.2	0.882812849830374	-2.2	0	0	0	570560	0	10
0.882812849830374	-2.2	1.0177086784993	-2.2	0	0	0	570560	0	10
1.0177086784993	-2.2	1.15260450716823	-2.2	0	0	0	570560	0	10
1.15260450716823	-2.2	1.28750033583716	-2.2	0	0	0	570560	0	10
1.28750033583716	-2.2	1.42239616450609	-2.2	0	0	0	570560	0	10
1.42239616450609	-2.2	1.55729199317502	-2.2	0	0	0	570560	0	10
1.55729199317502	-2.2	1.69218782184394	-2.2	0	0	0	570560	0	10
1.69218782184394	-2.2	1.82708365051287	-2.2	0	0	0	570560	0	10
1.82708365051287	-2.2	1.9619794791818	-2.2	0	0	0	570560	0	10
1.9619794791818	-2.2	2.09687530785073	-2.2	0	0	0	570560	0	10
2.09687530785073	-2.2	2.23177113651966	-2.2	0	0	0	570560	0	10
2.23177113651966	-2.2	2.36666696518859	-2.2	0	0	0	570560	0	10
2.36666696518859	-2.2	2.50156279385752	-2.2	0	0	0	570560	0	10
2.50156279385752	-2.2	2.63645862252645	-2.2	0	0	0	570560	0	10
2.63645862252645	-2.2	2.77135445119537	-2.2	0	0	0	570560	0	10
2.77135445119537	-2.2	2.9062502798643	-2.2	0	0	0	570560	0	10
2.9062502798643	-2.2	3.04114610853323	-2.2	0	0	0	570560	0	10
3.04114610853323	-2.2	3.17604193720216	-2.2	0	0	0	570560	0	10
3.17604193720216	-2.2	3.31093776587109	-2.2	0	0	0	570560	0	10
3.31093776587109	-2.2	3.44583359454002	-2.2	0	0	0	570560	0	10
3.44583359454002	-2.2	3.58072942320894	-2.2	0	0	0	570560	0	10
3.58072942320894	-2.2	3.71562525187787	-2.2	0	0	0	570560	0	10
3.71562525187787	-2.2	3.8505210805468	-2.2	0	0	0	570560	0	10
3.8505210805468	-2.2	3.98541690921573	-2.2	0	0	0	570560	0	10
3.98541690921573	-2.2	4.12031273788466	-2.2	0	0	0	570560	0	10
4.12031273788466	-2.2	4.25520856655359	-2.2	0	0	0	570560	0	10
4.25520856655359	-2.2	4.39010439522251	-2.2	0	0	0	570560	0	10
4.39010439522251	-2.2	4.52500022389144	-2.2	0	0	0	570560	0	10
4.52500022389144	-2.2	4.65989605256037	-2.2	0	0	0	570560	0	10
4.65989605256037	-2.2	4.7947918812293	-2.2	0	0	0	570560	0	10
4.7947918812293	-2.2	4.92968770989823	-2.2	0	0	0	570560	0	10
4.92968770989823	-2.2	5.06458353856716	-2.2	0	0	0	570560	0	10
5.06458353856716	-2.2	5.19947936723608	-2.2	0	0	0	570560	0	10
5.19947936723608	-2.2	5.33437519590501	-2.2	0	0	0	570560	0	10
5.33437519590501	-2.2	5.46927102457394	-2.2	0	0	0	570560	0	10
5.46927102457394	-2.2	5.60416685324287	-2.2	0	0	0	570560	0	10
5.60416685324287	-2.2	5.7390626819118	-2.2	0	0	0	570560	0	10
5.7390626819118	-2.2	5.87395851058072	-2.2	0	0	0	570560	0	10
5.87395851058072	-2.2	6.00885433924965	-2.2	0	0	0	570560	0	10
6.00885433924965	-2.2	6.14375016791858	-2.2	0	0	0	570560	0	10
6.14375016791858	-2.2	6.27864599658751	-2.2	0	0	0	570560	0	10
6.27864599658751	-2.2	6.41354182525644	-2.2	0	0	0	570560	0	10
6.41354182525644	-2.2	6.54843765392537	-2.2	0	0	0	570560	0	10
6.54843765392537	-2.2	6.68333348259429	-2.2	0	0	0	570560	0	10
6.68333348259429	-2.2	6.81822931126322	-2.2	0	0	0	570560	0	10
6.81822931126322	-2.2	6.95312513993215	-2.2	0	0	0	570560	0	10
6.95312513993215	-2.2	7.08802096860108	-2.2	0	0	0	570560	0	10
7.08802096860108	-2.2	7.22291679727001	-2.2	0	0	0	570560	0	10
7.22291679727001	-2.2	7.35781262593894	-2.2	0	0	0	570560	0	10
7.35781262593894	-2.2	7.49270845460786	-2.2	0	0	0	570560	0	10
7.49270845460786	-2.2	7.62760428327679	-2.2	0	0	0	570560	0	10
7.62760428327679	-2.2	7.76250011194572	-2.2	0	0	0	570560	0	10
7.76250011194572	-2.2	7.89739594061465	-2.2	0	0	0	570560	0	10
7.89739594061465	-2.2	8.03229176928358	-2.2	0	0	0	570560	0	10
8.03229176928358	-2.2	8.16718759795251	-2.2	0	0	0	570560	0	10
8.16718759795251	-2.2	8.30208342662143	-2.2	0	0	0	570560	0	10
8.30208342662143	-2.2	8.43697925529036	-2.2	0	0	0	570560	0	10
8.43697925529036	-2.2	8.57187508395929	-2.2	0	0	0	570560	0	10
8.57187508395929	-2.2	8.70677091262822	-2.2	0	0	0	570560	0	10
8.70677091262822	-2.2	8.84166674129715	-2.2	0	0	0	570560	0	10
8.84166674129715	-2.2	8.97656256996608	-2.2	0	0	0	570560	0	10
8.97656256996608	-2.2	9.111458398635	-2.2	0	0	0	570560	0	10
9.111458398635	-2.2	9.24635422730393	-2.2	0	0	0	570560	0	10
9.24635422730393	-2.2	9.38125005597286	-2.2	0	0	0	570560	0	10
9.38125005597286	-2.2	9.51614588464179	-2.2	0	0	0	570560	0	10
9.51614588464179	-2.2	9.65104171331072	-2.2	0	0	0	570560	0	10
9.65104171331072	-2.2	9.78593754197965	-2.2	0	0	0	570560	0	10
9.78593754197965	-2.2	9.92083337064857	-2.2	0	0	0	570560	0	10
9.92083337064857	-2.2	10.0557291993175	-2.2	0	0	0	570560	0	10
10.0557291993175	-2.2	10.1906250279864	-2.2	0	0	0	570560	0	10
10.1906250279864	-2.2	10.3255208566554	-2.2	0	0	0	570560	0	10
10.3255208566554	-2.2	10.4604166853243	-2.2	0	0	0	570560	0	10
10.4604166853243	-2.2	10.5953125139932	-2.2	0	0	0	570560	0	10
10.5953125139932	-2.2	10.7302083426621	-2.2	0	0	0	570560	0	10
10.7302083426621	-2.2	10.8651041713311	-2.2	0	0	0	570560	0	10
10.8651041713311	-2.2	11	-2.2	0	0	0	570560	0	10
-10	0	-9.95669872981078	-0.025	0	0	0	0	0	0
-9.956698729811	-0.025	-9.91339745962178	-0.05	0	0	0	0	0	0
-9.913397459622	-0.05	-9.87009618943278	-0.075	0	0	0	0	0	0
-9.870096189432	-0.075	-9.82679491924278	-0.1	0	0	0	0	0	0
-9.826794919243	-0.1	-9.78349364905378	-0.125	0	0	0	0	0	0
-9.783493649054	-0.125	-9.74019237886478	-0.15	0	0	0	0	0	0
-9.740192378865	-0.15	-9.69689110867578	-0.175	0	0	0	0	0	0
-9.696891108675	-0.175	-9.65358983848578	-0.2	0	0	0	0	0	0
-9.653589838486	-0.2	-9.63626933041031	-0.21	0	0	0	0	0	0
-9.63626933041031	-0.21	-9.61028856829678	-0.225	0	0	0	0	0	0
-9.610288568297	-0.225	-9.56698729810778	-0.25	0	0	0	0	0	0
-9.566987298108	-0.25	-9.52368602791878	-0.275	0	0	0	0	0	0
-9.523686027919	-0.275	-9.48038475772978	-0.3	0	0	0	0	0	0
-9.480384757729	-0.3	-9.43708348753978	-0.325	0	0	0	0	0	0
-9.43708348754	-0.325	-9.39377785468719	-0.349992442122	0	0	0	0	0	0
-9.393777854687	-0.349992442122	-9.35047222183418	-0.374984884244	0	0	0	0	0	0
-9.350472221834	-0.374984884244	-9.30716658898118	-0.399977326366	0	0	0	0	0	0
-9.307166588982	-0.399977326366	-9.26386095612919	-0.424969768488	0	0	0	0	0	0
-9.263860956129	-0.424969768488	-9.22055532327619	-0.44996221061	0	0	0	0	0	0
-9.220555323276	-0.44996221061	-9.17724969042319	-0.474954652731	0	0	0	0	0	0
-9.177249690423	-0.474954652731	-9.13394405757018	-0.499947094853	0	0	0	0	0	0
-9.13394405757	-0.499947094853	-9.09063842471718	-0.524939536975	0	0	0	0	0	0
-9.090638424718	-0.524939536975	-9.04733279186518	-0.549931979097	0	0	0	0	0	0
-9.047332791865	-0.549931979097	-9.00402715901219	-0.574924421219	0	0	0	0	0	0
-9.004027159012	-0.574924421219	-8.96071716481476	-0.599909304702	0	0	0	0	0	0
-8.960717164815	-0.599909304702	-8.91740717061776	-0.624894188184	0	0	0	0	0	0
-8.917407170617	-0.624894188184	-8.87409717641976	-0.649879071667	0	0	0	0	0	0
-8.87409717642	-0.649879071667	-8.83078718222276	-0.674863955149	0	0	0	0	0	0
-8.830787182223	-0.674863955149	-8.78747718802576	-0.699848838632	0	0	0	0	0	0
-8.787477188026	-0.699848838632	-8.77421429829981	-0.7075	0	0	0	0	0	0
-8.77421429829981	-0.7075	-8.74416719382876	-0.724833722114	0	0	0	0	0	0
-8.744167193829	-0.724833722114	-8.70085283960663	-0.749811046196	0	0	0	0	0	0
-8.700852839606	-0.749811046196	-8.65753848538363	-0.774788370278	0	0	0	0	0	0
-8.657538485384	-0.774788370278	-8.61422413116163	-0.79976569436	0	0	0	0	0	0
-8.614224131161	-0.79976569436	-8.57090541823293	-0.824735458281	0	0	0	0	0	0
-8.570905418233	-0.824735458281	-8.52758670530493	-0.849705222202	0	0	0	0	0	0
-8.527586705305	-0.849705222202	-8.4842636349908	-0.874667425201	0	0	0	0	0	0
-8.484263634991	-0.874667425201	-8.4409405646768	-0.899629628199	0	0	0	0	0	0
-8.440940564677	-0.899629628199	-8.3976174943628	-0.924591831198	0	0	0	0	0	0
-8.397617494363	-0.924591831198	-8.35429006798236	-0.949546472514	0	0	0	0	0	0
-8.354290067982	-0.949546472514	-8.31095828685475	-0.974493551388	0	0	0	0	0	0
-8.310958286855	-0.974493551388	-8.26762650572775	-0.999440630262	0	0	0	0	0	0
-8.267626505728	-0.999440630262	-8.2242903711741	-1.024380145934	0	0	0	0	0	0
-8.224290371174	-1.024380145934	-8.18094988451355	-1.049312097643	0	0	0	0	0	0
-8.180949884513	-1.049312097643	-8.13760504706622	-1.074236484631	0	0	0	0	0	0
-8.137605047066	-1.074236484631	-8.09425586015325	-1.099153306137	0	0	0	0	0	0
-8.094255860154	-1.099153306137	-8.05090232509578	-1.124062561404	0	0	0	0	0	0
-8.050902325095	-1.124062561404	-8.00754444321192	-1.148964249673	0	0	0	0	0	0
-8.007544443212	-1.148964249673	-7.96417787164162	-1.173850801668	0	0	0	0	0	0
-7.964177871642	-1.173850801668	-7.92080695720944	-1.19872978439	0	0	0	0	0	0
-7.920806957209	-1.19872978439	-7.90986739998834	-1.205	0	0	0	0	0	0
-7.90986739998834	-1.205	-7.87742736101566	-1.223593626292	0	0	0	0	0	0
-7.877427361016	-1.223593626292	-7.83403908834755	-1.248442324343	0	0	0	0	0	0
-7.834039088348	-1.248442324343	-7.79064214449118	-1.273275875517	0	0	0	0	0	0
-7.790642144491	-1.273275875517	-7.74723653473359	-1.298094276787	0	0	0	0	0	0
-7.747236534733	-1.298094276787	-7.70381793604161	-1.322889947531	0	0	0	0	0	0
-7.703817936042	-1.322889947531	-7.66038636032009	-1.347662880953	0	0	0	0	0	0
-7.66038636032	-1.347662880953	-7.61694181947458	-1.37241307026	0	0	0	0	0	0
-7.616941819475	-1.37241307026	-7.57348432541664	-1.397140508667	0	0	0	0	0	0
-7.573484325416	-1.397140508667	-7.53000957894074	-1.421837601996	0	0	0	0	0	0
-7.530009578941	-1.421837601996	-7.4865176012379	-1.44650433821	0	0	0	0	0	0
-7.486517601238	-1.44650433821	-7.44300411431002	-1.471133111127	0	0	0	0	0	0
-7.44300411431	-1.471133111127	-7.39946915129454	-1.495723901989	0	0	0	0	0	0
-7.399469151295	-1.495723901989	-7.35590846073899	-1.52026908967	0	0	0	0	0	0
-7.355908460739	-1.52026908967	-7.31232209041207	-1.544768647252	0	0	0	0	0	0
-7.312322090412	-1.544768647252	-7.26871008811196	-1.569222547869	0	0	0	0	0	0
-7.268710088112	-1.569222547869	-7.22506398424851	-1.593615530826	0	0	0	0	0	0
-7.225063984248	-1.593615530826	-7.18138386391137	-1.617947548568	0	0	0	0	0	0
-7.181383863911	-1.617947548568	-7.13766557683418	-1.642210923747	0	0	0	0	0	0
-7.137665576835	-1.642210923747	-7.09390500878797	-1.666397959204	0	0	0	0	0	0
-7.093905008788	-1.666397959204	-7.05010229307304	-1.690508581261	0	0	0	0	0	0
-7.050102293073	-1.690508581261	-7.02820859104573	-1.7025	0	0	0	0	0	0
-7.02820859104573	-1.7025	-7.00624917629627	-1.714527410312	0	0	0	0	0	0
-7.006249176296	-1.714527410312	-6.96234167545024	-1.738446678057	0	0	0	0	0	0
-6.96234167545	-1.738446678057	-6.91837585994047	-1.762258588241	0	0	0	0	0	0
-6.918375859941	-1.762258588241	-6.87434372054761	-1.78594763002	0	0	0	0	0	0
-6.874343720547	-1.78594763002	-6.83024148827194	-1.809505921732	0	0	0	0	0	0
-6.830241488272	-1.809505921732	-6.78606546319813	-1.832925546167	0	0	0	0	0	0
-6.786065463198	-1.832925546167	-6.74180389763138	-1.85618310007	0	0	0	0	0	0
-6.741803897632	-1.85618310007	-6.69745335597309	-1.879270530732	0	0	0	0	0	0
-6.697453355973	-1.879270530732	-6.65301049301403	-1.902179741369	0	0	0	0	0	0
-6.653010493014	-1.902179741369	-6.6084641292976	-1.924887041509	0	0	0	0	0	0
-6.608464129297	-1.924887041509	-6.56380732914702	-1.947376376768	0	0	0	0	0	0
-6.563807329147	-1.947376376768	-6.51902950421121	-1.969623767491	0	0	0	0	0	0
-6.519029504212	-1.969623767491	-6.47412812542397	-1.991620725984	0	0	0	0	0	0
-6.474128125424	-1.991620725984	-6.42908942289373	-2.013335128449	0	0	0	0	0	0
-6.429089422893	-2.013335128449	-6.38391143494618	-2.034758232917	0	0	0	0	0	0
-6.383911434946	-2.034758232917	-6.33858130447816	-2.055857504748	0	0	0	0	0	0
-6.338581304479	-2.055857504748	-6.29309410381516	-2.076615986767	0	0	0	0	0	0
-6.293094103815	-2.076615986767	-6.24744171114385	-2.097008609046	0	0	0	0	0	0
-6.247441711144	-2.097008609046	-6.20161659004865	-2.117010065908	0	0	0	0	0	0
-6.201616590048	-2.117010065908	-6.15561183124185	-2.136594809133	0	0	0	0	0	0
-6.155611831242	-2.136594809133	-6.10942119486294	-2.15573704283	0	0	0	0	0	0
-6.109421194863	-2.15573704283	-6.06303915332421	-2.174410720097	0	0	0	0	0	0
-6.063039153324	-2.174410720097	-6.01646410822497	-2.192597670749	0	0	0	0	0	0
-6.016464108225	-2.192597670749	-5.99687441228497	-2.2	0	0	0	0	0	0
-5.99687441228497	-2.2	-5.96969190668351	-2.210271412938	0	0	0	0	0	0
-5.969691906684	-2.210271412938	-5.92272221697725	-2.227413415413	0	0	0	0	0	0
-5.922722216977	-2.227413415413	-5.87555239458667	-2.243996776221	0	0	0	0	0	0
-5.875552394587	-2.243996776221	-5.82818349356369	-2.260002625646	0	0	0	0	0	0
-5.828183493563	-2.260002625646	-5.78061989260946	-2.275420273467	0	0	0	0	0	0
-5.78061989261	-2.275420273467	-5.73286372266955	-2.290230683071	0	0	0	0	0	0
-5.732863722669	-2.290230683071	-5.68492273592559	-2.304431450306	0	0	0	0	0	0
-5.684922735926	-2.304431450306	-5.63679997410332	-2.318003472799	0	0	0	0	0	0
-5.636799974103	-2.318003472799	-5.58850368278855	-2.330944425054	0	0	0	0	0	0
-5.588503682789	-2.330944425054	-5.54004213730366	-2.343252089706	0	0	0	0	0	0
-5.540042137304	-2.343252089706	-5.49142364128412	-2.354924357899	0	0	0	0	0	0
-5.491423641284	-2.354924357899	-5.44266038012645	-2.365976251912	0	0	0	0	0	0
-5.442660380126	-2.365976251912	-5.39376026949427	-2.376405977709	0	0	0	0	0	0
-5.393760269494	-2.376405977709	-5.34473467314552	-2.386228956009	0	0	0	0	0	0
-5.344734673146	-2.386228956009	-5.29559272826033	-2.395452255465	0	0	0	0	0	0
-5.29559272826	-2.395452255465	-5.2463447825286	-2.404091690703	0	0	0	0	0	0
-5.246344782529	-2.404091690703	-5.19700199670866	-2.412171881758	0	0	0	0	0	0
-5.197001996708	-2.412171881758	-5.14757334914376	-2.419709043026	0	0	0	0	0	0
-5.147573349144	-2.419709043026	-5.09806848425823	-2.426728184899	0	0	0	0	0	0
-5.098068484258	-2.426728184899	-5.04849510288844	-2.433245842422	0	0	0	0	0	0
-5.048495102889	-2.433245842422	-4.99886144145542	-2.439287336666	0	0	0	0	0	0
-4.998861441455	-2.439287336666	-4.949174994024	-2.444878127458	0	0	0	0	0	0
-4.949174994024	-2.444878127458	-4.89944255108792	-2.450043794851	0	0	0	0	0	0
-4.899442551088	-2.450043794851	-4.84967023875616	-2.45481002241	0	0	0	0	0	0
-4.849670238756	-2.45481002241	-4.79986355829884	-2.459202582237	0	0	0	0	0	0
-4.799863558299	-2.459202582237	-4.75002672081084	-2.463238623513	0	0	0	0	0	0
-4.750026720811	-2.463238623513	-4.70016485903405	-2.466952750616	0	0	0	0	0	0
-4.700164859034	-2.466952750616	-4.65028064509222	-2.470353515149	0	0	0	0	0	0
-4.650280645092	-2.470353515149	-4.60037821580947	-2.473475622082	0	0	0	0	0	0
-4.60037821581	-2.473475622082	-4.55045962479919	-2.476327686509	0	0	0	0	0	0
-4.550459624799	-2.476327686509	-4.5005276921044	-2.478935769595	0	0	0	0	0	0
-4.500527692104	-2.478935769595	-4.45058443844612	-2.481317242682	0	0	0	0	0	0
-4.450584438447	-2.481317242682	-4.40063202736791	-2.48349821205	0	0	0	0	0	0
-4.400632027367	-2.48349821205	-4.3506716102231	-2.485487362323	0	0	0	0	0	0
-4.350671610224	-2.485487362323	-4.30070423805435	-2.487293385152	0	0	0	0	0	0
-4.300704238054	-2.487293385152	-4.25073143868452	-2.488942422198	0	0	0	0	0	0
-4.250731438684	-2.488942422198	-4.20075396649649	-2.490443179922	0	0	0	0	0	0
-4.200753966497	-2.490443179922	-4.15077249827595	-2.491804368545	0	0	0	0	0	0
-4.150772498276	-2.491804368545	-4.10078785325415	-2.493043425461	0	0	0	0	0	0
-4.100787853254	-2.493043425461	-4.05080052556488	-2.494169067722	0	0	0	0	0	0
-4.050800525565	-2.494169067722	-4.0008109499724	-2.495190014377	0	0	0	0	0	0
-4.000810949972	-2.495190014377	-3.9508196686307	-2.496123711252	0	0	0	0	0	0
-3.950819668631	-2.496123711252	-3.90082683382312	-2.496970155504	0	0	0	0	0	0
-3.900826833823	-2.496970155504	-3.85083273110032	-2.497738070183	0	0	0	0	0	0
-3.8508327311	-2.497738070183	-3.80083760489953	-2.4984361792	0	0	0	0	0	0
-3.8008376049	-2.4984361792	-3.75084155268981	-2.499064481194	0	0	0	0	0	0
-3.75084155269	-2.499064481194	-3.70084486993702	-2.49964042711	0	0	0	0	0	0
-3.700844869937	-2.49964042711	-3.65084761146872	-2.500164016316	0	0	0	0	0	0
-3.650847611468	-2.500164016316	-3.60084983211255	-2.500635248237	0	0	0	0	0	0
-3.600849832113	-2.500635248237	-3.55085166056792	-2.501062848692	0	0	0	0	0	0
-3.550851660568	-2.501062848692	-3.50085313490907	-2.501446817353	0	0	0	0	0	0
-3.500853134909	-2.501446817353	-3.45085435337373	-2.501795880368	0	0	0	0	0	0
-3.450854353374	-2.501795880368	-3.40085534033119	-2.502110037566	0	0	0	0	0	0
-3.400855340331	-2.502110037566	-3.35085616964963	-2.502398015301	0	0	0	0	0	0
-3.35085616965	-2.502398015301	-3.30085685503763	-2.502659813492	0	0	0	0	0	0
-3.300856855037	-2.502659813492	-3.25085741020122	-2.502895432069	0	0	0	0	0	0
-3.250857410201	-2.502895432069	-3.20085784884944	-2.503104870967	0	0	0	0	0	0
-3.20085784885	-2.503104870967	-3.15085821743663	-2.503296856713	0	0	0	0	0	0
-3.150858217437	-2.503296856713	-3.10085852205411	-2.503471389284	0	0	0	0	0	0
-3.100858522054	-2.503471389284	-3.05085876879391	-2.503628468658	0	0	0	0	0	0
-3.050858768794	-2.503628468658	-3.00085896374902	-2.503768094817	0	0	0	0	0	0
-3.000858963749	-2.503768094817	-2.9508591350962	-2.503898994361	0	0	0	0	0	0
-2.950859135096	-2.503898994361	-2.9008592637968	-2.504012440665	0	0	0	0	0	0
-2.900859263797	-2.504012440665	-2.85085937345923	-2.504117160344	0	0	0	0	0	0
-2.850859373459	-2.504117160344	-2.80085946560574	-2.504213153393	0	0	0	0	0	0
-2.800859465606	-2.504213153393	-2.75085954176034	-2.504300419812	0	0	0	0	0	0
-2.75085954176	-2.504300419812	-2.70085960344501	-2.504378959596	0	0	0	0	0	0
-2.700859603445	-2.504378959596	-2.65085965218378	-2.504448772743	0	0	0	0	0	0
-2.650859652184	-2.504448772743	-2.60085968949963	-2.504509859252	0	0	0	0	0	0
-2.600859689499	-2.504509859252	-2.55085972681463	-2.50457094576	0	0	0	0	0	0
-2.550859726815	-2.50457094576	-2.50085975423057	-2.504623305628	0	0	0	0	0	0
-2.50085975423	-2.504623305628	-2.45085977326859	-2.504666938854	0	0	0	0	0	0
-2.450859773269	-2.504666938854	-2.40085979230759	-2.50471057208	0	0	0	0	0	0
-2.400859792308	-2.50471057208	-2.35085981134659	-2.504754205306	0	0	0	0	0	0
-2.350859811346	-2.504754205306	-2.3008598235307	-2.504789111888	0	0	0	0	0	0
-2.300859823531	-2.504789111888	-2.2508598357157	-2.50482401847	0	0	0	0	0	0
-2.250859835716	-2.50482401847	-2.20085984256989	-2.504850198408	0	0	0	0	0	0
-2.20085984257	-2.504850198408	-2.15085984942389	-2.504876378345	0	0	0	0	0	0
-2.150859849423	-2.504876378345	-2.10085985627689	-2.504902558283	0	0	0	0	0	0
-2.100859856277	-2.504902558283	-2.05085985932317	-2.504920011575	0	0	0	0	0	0
-2.050859859323	-2.504920011575	-2.00085986236917	-2.504937464867	0	0	0	0	0	0
-2.00085986237	-2.504937464867	-1.95085986541617	-2.504954918159	0	0	0	0	0	0
-1.950859865416	-2.504954918159	-1.90085986846217	-2.504972371452	0	0	0	0	0	0
-1.900859868462	-2.504972371452	-1.85085987150817	-2.504989824744	0	0	0	0	0	0
-1.850859871508	-2.504989824744	-1.80085987455417	-2.505007278036	0	0	0	0	0	0
-1.800859874554	-2.505007278036	-1.75085987531554	-2.505016004682	0	0	0	0	0	0
-1.750859875316	-2.505016004682	-1.70085987607754	-2.505024731328	0	0	0	0	0	0
-1.700859876077	-2.505024731328	-1.65085987683854	-2.505033457975	0	0	0	0	0	0
-1.650859876839	-2.505033457975	-1.60085987760054	-2.505042184621	0	0	0	0	0	0
-1.600859877601	-2.505042184621	-1.55085987836254	-2.505050911267	0	0	0	0	0	0
-1.550859878362	-2.505050911267	-1.50085987912354	-2.505059637913	0	0	0	0	0	0
-1.500859879124	-2.505059637913	-1.45085987988554	-2.505068364559	0	0	0	0	0	0
-1.450859879885	-2.505068364559	-1.40085988064654	-2.505077091206	0	0	0	0	0	0
-1.400859880647	-2.505077091206	-1.35085988140854	-2.505085817852	0	0	0	0	0	0
-1.350859881408	-2.505085817852	-1.30085988216954	-2.505094544498	0	0	0	0	0	0
-1.30085988217	-2.505094544498	-1.25085988217	-2.505094544498	0	0	0	0	0	0
-1.25085988217	-2.505094544498	-1.20085988217	-2.505094544498	0	0	0	0	0	0
-1.20085988217	-2.505094544498	-1.15085988217	-2.505094544498	0	0	0	0	0	0
-1.15085988217	-2.505094544498	-1.10085988217	-2.505094544498	0	0	0	0	0	0
-1.10085988217	-2.505094544498	-1.05085988217	-2.505094544498	0	0	0	0	0	0
-1.05085988217	-2.505094544498	-1.00085988217	-2.505094544498	0	0	0	0	0	0
-1.00085988217	-2.505094544498	-0.95085988217	-2.505094544498	0	0	0	0	0	0
-0.95085988217	-2.505094544498	-0.90085988217	-2.505094544498	0	0	0	0	0	0
-0.90085988217	-2.505094544498	-0.85085988217	-2.505094544498	0	0	0	0	0	0
-0.85085988217	-2.505094544498	-0.80085988217	-2.505094544498	0	0	0	0	0	0
-0.80085988217	-2.505094544498	-0.75085988217	-2.505094544498	0	0	0	0	0	0
-0.75085988217	-2.505094544498	-0.70085988217	-2.505094544498	0	0	0	0	0	0
-0.70085988217	-2.505094544498	-0.65085988217	-2.505094544498	0	0	0	0	0	0
-0.65085988217	-2.505094544498	-0.60085988217	-2.505094544498	0	0	0	0	0	0
-0.60085988217	-2.505094544498	-0.55085988217	-2.505094544498	0	0	0	0	0	0
-0.55085988217	-2.505094544498	-0.50085988217	-2.505094544498	0	0	0	0	0	0
-0.50085988217	-2.505094544498	-0.45085988217	-2.505094544498	0	0	0	0	0	0
-0.45085988217	-2.505094544498	-0.40085988217	-2.505094544498	0	0	0	0	0	0
-0.40085988217	-2.505094544498	-0.35085988217	-2.505094544498	0	0	0	0	0	0
-0.35085988217	-2.505094544498	-0.30085988217	-2.505094544498	0	0	0	0	0	0
-0.30085988217	-2.505094544498	-0.25085988217	-2.505094544498	0	0	0	0	0	0
-0.25085988217	-2.505094544498	-0.20085988217	-2.505094544498	0	0	0	0	0	0
-0.20085988217	-2.505094544498	-0.15085988217	-2.505094544498	0	0	0	0	0	0
-0.15085988217	-2.505094544498	-0.10085988217	-2.505094544498	0	0	0	0	0	0
-0.10085988217	-2.505094544498	-0.05085988217	-2.505094544498	0	0	0	0	0	0
-0.05085988217	-2.505094544498	-0.000859882169999999	-2.505094544498	0	0	0	0	0	0
-0.00085988217	-2.505094544498	0.04914011783	-2.505094544498	0	0	0	0	0	0
0.04914011783	-2.505094544498	0.09914011783	-2.505094544498	0	0	0	0	0	0
0.09914011783	-2.505094544498	0.14914011783	-2.505094544498	0	0	0	0	0	0
0.14914011783	-2.505094544498	0.19914011783	-2.505094544498	0	0	0	0	0	0
0.19914011783	-2.505094544498	0.24914011783	-2.505094544498	0	0	0	0	0	0
0.24914011783	-2.505094544498	0.29914011783	-2.505094544498	0	0	0	0	0	0
0.29914011783	-2.505094544498	0.34914011783	-2.505094544498	0	0	0	0	0	0
0.34914011783	-2.505094544498	0.39914011783	-2.505094544498	0	0	0	0	0	0
0.39914011783	-2.505094544498	0.44914011783	-2.505094544498	0	0	0	0	0	0
0.44914011783	-2.505094544498	0.49914011783	-2.505094544498	0	0	0	0	0	0
0.49914011783	-2.505094544498	0.54914011783	-2.505094544498	0	0	0	0	0	0
0.54914011783	-2.505094544498	0.59914011783	-2.505094544498	0	0	0	0	0	0
0.59914011783	-2.505094544498	0.64914011783	-2.505094544498	0	0	0	0	0	0
0.64914011783	-2.505094544498	0.69914011783	-2.505094544498	0	0	0	0	0	0
0.69914011783	-2.505094544498	0.74914011783	-2.505094544498	0	0	0	0	0	0
0.74914011783	-2.505094544498	0.79914011783	-2.505094544498	0	0	0	0	0	0
0.79914011783	-2.505094544498	0.84914011783	-2.505094544498	0	0	0	0	0	0
0.84914011783	-2.505094544498	0.89914011783	-2.505094544498	0	0	0	0	0	0
0.89914011783	-2.505094544498	0.94914011783	-2.505094544498	0	0	0	0	0	0
0.94914011783	-2.505094544498	0.99914011783	-2.505094544498	0	0	0	0	0	0
0.99914011783	-2.505094544498	1.04914011783	-2.505094544498	0	0	0	0	0	0
1.04914011783	-2.505094544498	1.09914011783	-2.505094544498	0	0	0	0	0	0
1.09914011783	-2.505094544498	1.14914011783	-2.505094544498	0	0	0	0	0	0
1.14914011783	-2.505094544498	1.19914011783	-2.505094544498	0	0	0	0	0	0
1.19914011783	-2.505094544498	1.24914011783	-2.505094544498	0	0	0	0	0	0
1.24914011783	-2.505094544498	1.29914011783	-2.505094544498	0	0	0	0	0	0
1.29914011783	-2.505094544498	1.34914011783	-2.505094544498	0	0	0	0	0	0
1.34914011783	-2.505094544498	1.39914011783	-2.505094544498	0	0	0	0	0	0
1.39914011783	-2.505094544498	1.44914011783	-2.505094544498	0	0	0	0	0	0
1.44914011783	-2.505094544498	1.49914011783	-2.505094544498	0	0	0	0	0	0
1.49914011783	-2.505094544498	1.54914011783	-2.505094544498	0	0	0	0	0	0
1.54914011783	-2.505094544498	1.59914011783	-2.505094544498	0	0	0	0	0	0
1.59914011783	-2.505094544498	1.64914011783	-2.505094544498	0	0	0	0	0	0
1.64914011783	-2.505094544498	1.69914011783	-2.505094544498	0	0	0	0	0	0
1.69914011783	-2.505094544498	1.74914011783	-2.505094544498	0	0	0	0	0	0
1.74914011783	-2.505094544498	1.79914011783	-2.505094544498	0	0	0	0	0	0
1.79914011783	-2.505094544498	1.84914011783	-2.505094544498	0	0	0	0	0	0
1.84914011783	-2.505094544498	1.89914011783	-2.505094544498	0	0	0	0	0	0
1.89914011783	-2.505094544498	1.94914011783	-2.505094544498	0	0	0	0	0	0
1.94914011783	-2.505094544498	1.99914011783	-2.505094544498	0	0	0	0	0	0
1.99914011783	-2.505094544498	2.04914011783	-2.505094544498	0	0	0	0	0	0
2.04914011783	-2.505094544498	2.09914011783	-2.505094544498	0	0	0	0	0	0
2.09914011783	-2.505094544498	2.14914011783	-2.505094544498	0	0	0	0	0	0
2.14914011783	-2.505094544498	2.19914011783	-2.505094544498	0	0	0	0	0	0
2.19914011783	-2.505094544498	2.24914011783	-2.505094544498	0	0	0	0	0	0
2.24914011783	-2.505094544498	2.29914011783	-2.505094544498	0	0	0	0	0	0
2.29914011783	-2.505094544498	2.34914011783	-2.505094544498	0	0	0	0	0	0
2.34914011783	-2.505094544498	2.39914011783	-2.505094544498	0	0	0	0	0	0
2.39914011783	-2.505094544498	2.44914011783	-2.505094544498	0	0	0	0	0	0
2.44914011783	-2.505094544498	2.49914011783	-2.505094544498	0	0	0	0	0	0
2.49914011783	-2.505094544498	2.54914011783	-2.505094544498	0	0	0	0	0	0
2.54914011783	-2.505094544498	2.59914011783	-2.505094544498	0	0	0	0	0	0
2.59914011783	-2.505094544498	2.64914011783	-2.505094544498	0	0	0	0	0	0
2.64914011783	-2.505094544498	2.69914011783	-2.505094544498	0	0	0	0	0	0
2.69914011783	-2.505094544498	2.74914011783	-2.505094544498	0	0	0	0	0	0
2.74914011783	-2.505094544498	2.79914011783	-2.505094544498	0	0	0	0	0	0
2.79914011783	-2.505094544498	2.84914011783	-2.505094544498	0	0	0	0	0	0
2.84914011783	-2.505094544498	2.89914011783	-2.505094544498	0	0	0	0	0	0
2.89914011783	-2.505094544498	2.94914011783	-2.505094544498	0	0	0	0	0	0
2.94914011783	-2.505094544498	2.99914011783	-2.505094544498	0	0	0	0	0	0
2.99914011783	-2.505094544498	3.04914011783	-2.505094544498	0	0	0	0	0	0
3.04914011783	-2.505094544498	3.09914011783	-2.505094544498	0	0	0	0	0	0
3.09914011783	-2.505094544498	3.14914011783	-2.505094544498	0	0	0	0	0	0
3.14914011783	-2.505094544498	3.19914011783	-2.505094544498	0	0	0	0	0	0
3.19914011783	-2.505094544498	3.24914011783	-2.505094544498	0	0	0	0	0	0
3.24914011783	-2.505094544498	3.29914011783	-2.505094544498	0	0	0	0	0	0
3.29914011783	-2.505094544498	3.34914011783	-2.505094544498	0	0	0	0	0	0
3.34914011783	-2.505094544498	3.39914011783	-2.505094544498	0	0	0	0	0	0
3.39914011783	-2.505094544498	3.44914011783	-2.505094544498	0	0	0	0	0	0
3.44914011783	-2.505094544498	3.49914011783	-2.505094544498	0	0	0	0	0	0
3.49914011783	-2.505094544498	3.54914011783	-2.505094544498	0	0	0	0	0	0
3.54914011783	-2.505094544498	3.59914011783	-2.505094544498	0	0	0	0	0	0
3.59914011783	-2.505094544498	3.64914011783	-2.505094544498	0	0	0	0	0	0
3.64914011783	-2.505094544498	3.69914011783	-2.505094544498	0	0	0	0	0	0
3.69914011783	-2.505094544498	3.74914011783	-2.505094544498	0	0	0	0	0	0
3.74914011783	-2.505094544498	3.79914011783	-2.505094544498	0	0	0	0	0	0
3.79914011783	-2.505094544498	3.84914011783	-2.505094544498	0	0	0	0	0	0
3.84914011783	-2.505094544498	3.89914011783	-2.505094544498	0	0	0	0	0	0
3.89914011783	-2.505094544498	3.94914011783	-2.505094544498	0	0	0	0	0	0
3.94914011783	-2.505094544498	3.99914011783	-2.505094544498	0	0	0	0	0	0
3.99914011783	-2.505094544498	4.04914011783	-2.505094544498	0	0	0	0	0	0
4.04914011783	-2.505094544498	4.09914011783	-2.505094544498	0	0	0	0	0	0
4.09914011783	-2.505094544498	4.14914011783	-2.505094544498	0	0	0	0	0	0
4.14914011783	-2.505094544498	4.19914011783	-2.505094544498	0	0	0	0	0	0
4.19914011783	-2.505094544498	4.24914011783	-2.505094544498	0	0	0	0	0	0
4.24914011783	-2.505094544498	4.29914011783	-2.505094544498	0	0	0	0	0	0
4.29914011783	-2.505094544498	4.34914011783	-2.505094544498	0	0	0	0	0	0
4.34914011783	-2.505094544498	4.39914011783	-2.505094544498	0	0	0	0	0	0
4.39914011783	-2.505094544498	4.44914011783	-2.505094544498	0	0	0	0	0	0
4.44914011783	-2.505094544498	4.49914011783	-2.505094544498	0	0	0	0	0	0
4.49914011783	-2.505094544498	4.54914011783	-2.505094544498	0	0	0	0	0	0
4.54914011783	-2.505094544498	4.59914011783	-2.505094544498	0	0	0	0	0	0
4.59914011783	-2.505094544498	4.64914011783	-2.505094544498	0	0	0	0	0	0
4.64914011783	-2.505094544498	4.69914011783	-2.505094544498	0	0	0	0	0	0
4.69914011783	-2.505094544498	4.74914011783	-2.505094544498	0	0	0	0	0	0
4.74914011783	-2.505094544498	4.79914011783	-2.505094544498	0	0	0	0	0	0
4.79914011783	-2.505094544498	4.84914011783	-2.505094544498	0	0	0	0	0	0
4.84914011783	-2.505094544498	4.89914011783	-2.505094544498	0	0	0	0	0	0
4.89914011783	-2.505094544498	4.94914011783	-2.505094544498	0	0	0	0	0	0
4.94914011783	-2.505094544498	4.99914011783	-2.505094544498	0	0	0	0	0	0
4.99914011783	-2.505094544498	5.04914011783	-2.505094544498	0	0	0	0	0	0
5.04914011783	-2.505094544498	5.09914011783	-2.505094544498	0	0	0	0	0	0
5.09914011783	-2.505094544498	5.14914011783	-2.505094544498	0	0	0	0	0	0
5.14914011783	-2.505094544498	5.19914011783	-2.505094544498	0	0	0	0	0	0
5.19914011783	-2.505094544498	5.24914011783	-2.505094544498	0	0	0	0	0	0
5.24914011783	-2.505094544498	5.29914011783	-2.505094544498	0	0	0	0	0	0
5.29914011783	-2.505094544498	5.34914011783	-2.505094544498	0	0	0	0	0	0
5.34914011783	-2.505094544498	5.39914011783	-2.505094544498	0	0	0	0	0	0
5.39914011783	-2.505094544498	5.44914011783	-2.505094544498	0	0	0	0	0	0
5.44914011783	-2.505094544498	5.49914011783	-2.505094544498	0	0	0	0	0	0
5.49914011783	-2.505094544498	5.54914011783	-2.505094544498	0	0	0	0	0	0
5.54914011783	-2.505094544498	5.59914011783	-2.505094544498	0	0	0	0	0	0
5.59914011783	-2.505094544498	5.64914011783	-2.505094544498	0	0	0	0	0	0
5.64914011783	-2.505094544498	5.69914011783	-2.505094544498	0	0	0	0	0	0
5.69914011783	-2.505094544498	5.74914011783	-2.505094544498	0	0	0	0	0	0
5.74914011783	-2.505094544498	5.79914011783	-2.505094544498	0	0	0	0	0	0
5.79914011783	-2.505094544498	5.84914011783	-2.505094544498	0	0	0	0	0	0
5.84914011783	-2.505094544498	5.89914011783	-2.505094544498	0	0	0	0	0	0
5.89914011783	-2.505094544498	5.94914011783	-2.505094544498	0	0	0	0	0	0
5.94914011783	-2.505094544498	5.99914011783	-2.505094544498	0	0	0	0	0	0
5.99914011783	-2.505094544498	6.04914011783	-2.505094544498	0	0	0	0	0	0
6.04914011783	-2.505094544498	6.09914011783	-2.505094544498	0	0	0	0	0	0
6.09914011783	-2.505094544498	6.14914011783	-2.505094544498	0	0	0	0	0	0
6.14914011783	-2.505094544498	6.19914011783	-2.505094544498	0	0	0	0	0	0
6.19914011783	-2.505094544498	6.24914011783	-2.505094544498	0	0	0	0	0	0
6.24914011783	-2.505094544498	6.29914011783	-2.505094544498	0	0	0	0	0	0
6.29914011783	-2.505094544498	6.34914011783	-2.505094544498	0	0	0	0	0	0
6.34914011783	-2.505094544498	6.39914011783	-2.505094544498	0	0	0	0	0	0
6.39914011783	-2.505094544498	6.44914011783	-2.505094544498	0	0	0	0	0	0
6.44914011783	-2.505094544498	6.49914011783	-2.505094544498	0	0	0	0	0	0
6.49914011783	-2.505094544498	6.54914011783	-2.505094544498	0	0	0	0	0	0
6.54914011783	-2.505094544498	6.59914011783	-2.505094544498	0	0	0	0	0	0
6.59914011783	-2.505094544498	6.64914011783	-2.505094544498	0	0	0	0	0	0
6.64914011783	-2.505094544498	6.69914011783	-2.505094544498	0	0	0	0	0	0
6.69914011783	-2.505094544498	6.74914011783	-2.505094544498	0	0	0	0	0	0
6.74914011783	-2.505094544498	6.79914011783	-2.505094544498	0	0	0	0	0	0
6.79914011783	-2.505094544498	6.84914011783	-2.505094544498	0	0	0	0	0	0
6.84914011783	-2.505094544498	6.89914011783	-2.505094544498	0	0	0	0	0	0
6.89914011783	-2.505094544498	6.94914011783	-2.505094544498	0	0	0	0	0	0
6.94914011783	-2.505094544498	6.99914011783	-2.505094544498	0	0	0	0	0	0
6.99914011783	-2.505094544498	7.04914011783	-2.505094544498	0	0	0	0	0	0
7.04914011783	-2.505094544498	7.09914011783	-2.505094544498	0	0	0	0	0	0
7.09914011783	-2.505094544498	7.14914011783	-2.505094544498	0	0	0	0	0	0
7.14914011783	-2.505094544498	7.19914011783	-2.505094544498	0	0	0	0	0	0
7.19914011783	-2.505094544498	7.24914011783	-2.505094544498	0	0	0	0	0	0
7.24914011783	-2.505094544498	7.29914011783	-2.505094544498	0	0	0	0	0	0
7.29914011783	-2.505094544498	7.34914011783	-2.505094544498	0	0	0	0	0	0
7.34914011783	-2.505094544498	7.39914011783	-2.505094544498	0	0	0	0	0	0
7.39914011783	-2.505094544498	7.44914011783	-2.505094544498	0	0	0	0	0	0
7.44914011783	-2.505094544498	7.49914011783	-2.505094544498	0	0	0	0	0	0
7.49914011783	-2.505094544498	7.54914011783	-2.505094544498	0	0	0	0	0	0
7.54914011783	-2.505094544498	7.59914011783	-2.505094544498	0	0	0	0	0	0
7.59914011783	-2.505094544498	7.64914011783	-2.505094544498	0	0	0	0	0	0
7.64914011783	-2.505094544498	7.69914011783	-2.505094544498	0	0	0	0	0	0
7.69914011783	-2.505094544498	7.74914011783	-2.505094544498	0	0	0	0	0	0
7.74914011783	-2.505094544498	7.79914011783	-2.505094544498	0	0	0	0	0	0
7.79914011783	-2.505094544498	7.84914011783	-2.505094544498	0	0	0	0	0	0
7.84914011783	-2.505094544498	7.89914011783	-2.505094544498	0	0	0	0	0	0
7.89914011783	-2.505094544498	7.94914011783	-2.505094544498	0	0	0	0	0	0
7.94914011783	-2.505094544498	7.99914011783	-2.505094544498	0	0	0	0	0	0
7.99914011783	-2.505094544498	8.04914011783	-2.505094544498	0	0	0	0	0	0
8.04914011783	-2.505094544498	8.09914011783	-2.505094544498	0	0	0	0	0	0
8.09914011783	-2.505094544498	8.14914011783	-2.505094544498	0	0	0	0	0	0
8.14914011783	-2.505094544498	8.19914011783	-2.505094544498	0	0	0	0	0	0
8.19914011783	-2.505094544498	8.24914011783	-2.505094544498	0	0	0	0	0	0
8.24914011783	-2.505094544498	8.29914011783	-2.505094544498	0	0	0	0	0	0
8.29914011783	-2.505094544498	8.34914011783	-2.505094544498	0	0	0	0	0	0
8.34914011783	-2.505094544498	8.39914011783	-2.505094544498	0	0	0	0	0	0
8.39914011783	-2.505094544498	8.44914011783	-2.505094544498	0	0	0	0	0	0
8.44914011783	-2.505094544498	8.49914011783	-2.505094544498	0	0	0	0	0	0
8.49914011783	-2.505094544498	8.54914011783	-2.505094544498	0	0	0	0	0	0
8.54914011783	-2.505094544498	8.59914011783	-2.505094544498	0	0	0	0	0	0
8.59914011783	-2.505094544498	8.64914011783	-2.505094544498	0	0	0	0	0	0
8.64914011783	-2.505094544498	8.69914011783	-2.505094544498	0	0	0	0	0	0
8.69914011783	-2.505094544498	8.74914011783	-2.505094544498	0	0	0	0	0	0
8.74914011783	-2.505094544498	8.79914011783	-2.505094544498	0	0	0	0	0	0
8.79914011783	-2.505094544498	8.84914011783	-2.505094544498	0	0	0	0	0	0
8.84914011783	-2.505094544498	8.89914011783	-2.505094544498	0	0	0	0	0	0
8.89914011783	-2.505094544498	8.94914011783	-2.505094544498	0	0	0	0	0	0
8.94914011783	-2.505094544498	8.99914011783	-2.505094544498	0	0	0	0	0	0
8.99914011783	-2.505094544498	9.04914011783	-2.505094544498	0	0	0	0	0	0
9.04914011783	-2.505094544498	9.09914011783	-2.505094544498	0	0	0	0	0	0
9.09914011783	-2.505094544498	9.14914011783	-2.505094544498	0	0	0	0	0	0
9.14914011783	-2.505094544498	9.19914011783	-2.505094544498	0	0	0	0	0	0
9.19914011783	-2.505094544498	9.24914011783	-2.505094544498	0	0	0	0	0	0
9.24914011783	-2.505094544498	9.29914011783	-2.505094544498	0	0	0	0	0	0
9.29914011783	-2.505094544498	9.34914011783	-2.505094544498	0	0	0	0	0	0
9.34914011783	-2.505094544498	9.39914011783	-2.505094544498	0	0	0	0	0	0
9.39914011783	-2.505094544498	9.44914011783	-2.505094544498	0	0	0	0	0	0
9.44914011783	-2.505094544498	9.49914011783	-2.505094544498	0	0	0	0	0	0
9.49914011783	-2.505094544498	9.54914011783	-2.505094544498	0	0	0	0	0	0
9.54914011783	-2.505094544498	9.59914011783	-2.505094544498	0	0	0	0	0	0
9.59914011783	-2.505094544498	9.64914011783	-2.505094544498	0	0	0	0	0	0
9.64914011783	-2.505094544498	9.69914011783	-2.505094544498	0	0	0	0	0	0
9.69914011783	-2.505094544498	9.74914011783	-2.505094544498	0	0	0	0	0	0
9.74914011783	-2.505094544498	9.79914011783	-2.505094544498	0	0	0	0	0	0
9.79914011783	-2.505094544498	9.84914011783	-2.505094544498	0	0	0	0	0	0
9.84914011783	-2.505094544498	9.89914011783	-2.505094544498	0	0	0	0	0	0
9.89914011783	-2.505094544498	9.94914011783	-2.505094544498	0	0	0	0	0	0
9.94914011783	-2.505094544498	9.99914011783	-2.505094544498	0	0	0	0	0	0
9.99914011783	-2.505094544498	10.04914011783	-2.505094544498	0	0	0	0	0	0
10.04914011783	-2.505094544498	10.09914011783	-2.505094544498	0	0	0	0	0	0
10.09914011783	-2.505094544498	10.14914011783	-2.505094544498	0	0	0	0	0	0
10.14914011783	-2.505094544498	10.19914011783	-2.505094544498	0	0	0	0	0	0
10.19914011783	-2.505094544498	10.24914011783	-2.505094544498	0	0	0	0	0	0
10.24914011783	-2.505094544498	10.29914011783	-2.505094544498	0	0	0	0	0	0
10.29914011783	-2.505094544498	10.34914011783	-2.505094544498	0	0	0	0	0	0
10.34914011783	-2.505094544498	10.39914011783	-2.505094544498	0	0	0	0	0	0
10.39914011783	-2.505094544498	10.44914011783	-2.505094544498	0	0	0	0	0	0
10.44914011783	-2.505094544498	10.49914011783	-2.505094544498	0	0	0	0	0	0
10.49914011783	-2.505094544498	10.54914011783	-2.505094544498	0	0	0	0	0	0
10.54914011783	-2.505094544498	10.59914011783	-2.505094544498	0	0	0	0	0	0
10.59914011783	-2.505094544498	10.64914011783	-2.505094544498	0	0	0	0	0	0
10.64914011783	-2.505094544498	10.69914011783	-2.505094544498	0	0	0	0	0	0
10.69914011783	-2.505094544498	10.74914011783	-2.505094544498	0	0	0	0	0	0
10.74914011783	-2.505094544498	10.79914011783	-2.505094544498	0	0	0	0	0	0
10.79914011783	-2.505094544498	10.84914011783	-2.505094544498	0	0	0	0	0	0
10.84914011783	-2.505094544498	10.89914011783	-2.505094544498	0	0	0	0	0	0
10.89914011783	-2.505094544498	10.94914011783	-2.505094544498	0	0	0	0	0	0
10.94914011783	-2.505094544498	10.99914011783	-2.505094544498	0	0	0	0	0	0
10.99914011783	-2.505094544498	11.04914011783	-2.505094544498	0	0	0	0	0	0
11.04914011783	-2.505094544498	11.09914011783	-2.505094544498	0	0	0	0	0	0
11.09914011783	-2.505094544498	11.14914011783	-2.505094544498	0	0	0	0	0	0
11.14914011783	-2.505094544498	11.19914011783	-2.505094544498	0	0	0	0	0	0
11.19914011783	-2.505094544498	11.24914011783	-2.505094544498	0	0	0	0	0	0
11.24914011783	-2.505094544498	11.29914011783	-2.505094544498	0	0	0	0	0	0
11.29914011783	-2.505094544498	11.34914011783	-2.505094544498	0	0	0	0	0	0
11.34914011783	-2.505094544498	11.39914011783	-2.505094544498	0	0	0	0	0	0
11.39914011783	-2.505094544498	11.44914011783	-2.505094544498	0	0	0	0	0	0
11.44914011783	-2.505094544498	11.49914011783	-2.505094544498	0	0	0	0	0	0
11.49914011783	-2.505094544498	11.54914011783	-2.505094544498	0	0	0	0	0	0
11.54914011783	-2.505094544498	11.59914011783	-2.505094544498	0	0	0	0	0	0
11.59914011783	-2.505094544498	11.64914011783	-2.505094544498	0	0	0	0	0	0
11.64914011783	-2.505094544498	11.69914011783	-2.505094544498	0	0	0	0	0	0
11.69914011783	-2.505094544498	11.74914011783	-2.505094544498	0	0	0	0	0	0
11.74914011783	-2.505094544498	11.79914011783	-2.505094544498	0	0	0	0	0	0
11.79914011783	-2.505094544498	11.84914011783	-2.505094544498	0	0	0	0	0	0
11.84914011783	-2.505094544498	11.89914011783	-2.505094544498	0	0	0	0	0	0
11.89914011783	-2.505094544498	11.94914011783	-2.505094544498	0	0	0	0	0	0
11.94914011783	-2.505094544498	11.99914011783	-2.505094544498	0	0	0	0	0	0
11.99914011783	-2.505094544498	12.04914011783	-2.505094544498	0	0	0	0	0	0
12.04914011783	-2.505094544498	12.09914011783	-2.505094544498	0	0	0	0	0	0
12.09914011783	-2.505094544498	12.14914011783	-2.505094544498	0	0	0	0	0	0
12.14914011783	-2.505094544498	12.19914011783	-2.505094544498	0	0	0	0	0	0
12.19914011783	-2.505094544498	12.24914011783	-2.505094544498	0	0	0	0	0	0
12.24914011783	-2.505094544498	12.29914011783	-2.505094544498	0	0	0	0	0	0
12.29914011783	-2.505094544498	12.34914011783	-2.505094544498	0	0	0	0	0	0
12.34914011783	-2.505094544498	12.39914011783	-2.505094544498	0	0	0	0	0	0
12.39914011783	-2.505094544498	12.44914011783	-2.505094544498	0	0	0	0	0	0
12.44914011783	-2.505094544498	12.49914011783	-2.505094544498	0	0	0	0	0	0
12.49914011783	-2.505094544498	12.54914011783	-2.505094544498	0	0	0	0	0	0
12.54914011783	-2.505094544498	12.59914011783	-2.505094544498	0	0	0	0	0	0
12.59914011783	-2.505094544498	12.64914011783	-2.505094544498	0	0	0	0	0	0
12.64914011783	-2.505094544498	12.69914011783	-2.505094544498	0	0	0	0	0	0
12.69914011783	-2.505094544498	12.74914011783	-2.505094544498	0	0	0	0	0	0
12.74914011783	-2.505094544498	12.79914011783	-2.505094544498	0	0	0	0	0	0
12.79914011783	-2.505094544498	12.84914011783	-2.505094544498	0	0	0	0	0	0
12.84914011783	-2.505094544498	12.89914011783	-2.505094544498	0	0	0	0	0	0
12.89914011783	-2.505094544498	12.94914011783	-2.505094544498	0	0	0	0	0	0
12.94914011783	-2.505094544498	12.99914011783	-2.505094544498	0	0	0	0	0	0
12.99914011783	-2.505094544498	13.04914011783	-2.505094544498	0	0	0	0	0	0
13.04914011783	-2.505094544498	13.09914011783	-2.505094544498	0	0	0	0	0	0
13.09914011783	-2.505094544498	13.14914011783	-2.505094544498	0	0	0	0	0	0
13.14914011783	-2.505094544498	13.19914011783	-2.505094544498	0	0	0	0	0	0
13.19914011783	-2.505094544498	13.24914011783	-2.505094544498	0	0	0	0	0	0
13.24914011783	-2.505094544498	13.29914011783	-2.505094544498	0	0	0	0	0	0
13.29914011783	-2.505094544498	13.34914011783	-2.505094544498	0	0	0	0	0	0
13.34914011783	-2.505094544498	13.39914011783	-2.505094544498	0	0	0	0	0	0
13.39914011783	-2.505094544498	13.44914011783	-2.505094544498	0	0	0	0	0	0
13.44914011783	-2.505094544498	13.49914011783	-2.505094544498	0	0	0	0	0	0
13.49914011783	-2.505094544498	13.54914011783	-2.505094544498	0	0	0	0	0	0
13.54914011783	-2.505094544498	13.59914011783	-2.505094544498	0	0	0	0	0	0
13.59914011783	-2.505094544498	13.64914011783	-2.505094544498	0	0	0	0	0	0
13.64914011783	-2.505094544498	13.69914011783	-2.505094544498	0	0	0	0	0	0
13.69914011783	-2.505094544498	13.74914011783	-2.505094544498	0	0	0	0	0	0
13.74914011783	-2.505094544498	13.79914011783	-2.505094544498	0	0	0	0	0	0
13.79914011783	-2.505094544498	13.84914011783	-2.505094544498	0	0	0	0	0	0
13.84914011783	-2.505094544498	13.89914011783	-2.505094544498	0	0	0	0	0	0
13.89914011783	-2.505094544498	13.94914011783	-2.505094544498	0	0	0	0	0	0
13.94914011783	-2.505094544498	13.99914011783	-2.505094544498	0	0	0	0	0	0
13.99914011783	-2.505094544498	14.04914011783	-2.505094544498	0	0	0	0	0	0
14.04914011783	-2.505094544498	14.09914011783	-2.505094544498	0	0	0	0	0	0
14.09914011783	-2.505094544498	14.14914011783	-2.505094544498	0	0	0	0	0	0
14.14914011783	-2.505094544498	14.19914011783	-2.505094544498	0	0	0	0	0	0
14.19914011783	-2.505094544498	14.24914011783	-2.505094544498	0	0	0	0	0	0
14.24914011783	-2.505094544498	14.29914011783	-2.505094544498	0	0	0	0	0	0
14.29914011783	-2.505094544498	14.34914011783	-2.505094544498	0	0	0	0	0	0
14.34914011783	-2.505094544498	14.39914011783	-2.505094544498	0	0	0	0	0	0
