-11	-0.21	-10.8760244845828	-0.21	0	0	0	63508000	0	1
-10.8760244845828	-0.21	-10.7520489691656	-0.21	0	0	0	63508000	0	1
-10.7520489691656	-0.21	-10.6280734537484	-0.21	0	0	0	63508000	0	1
-10.6280734537484	-0.21	-10.5040979383311	-0.21	0	0	0	63508000	0	1
-10.5040979383311	-0.21	-10.3801224229139	-0.21	0	0	0	63508000	0	1
-10.3801224229139	-0.21	-10.2561469074967	-0.21	0	0	0	63508000	0	1
-10.2561469074967	-0.21	-10.1321713920795	-0.21	0	0	0	63508000	0	1
-10.1321713920795	-0.21	-10.0081958766623	-0.21	0	0	0	63508000	0	1
-10.0081958766623	-0.21	-9.88422036124507	-0.21	0	0	0	63508000	0	1
-9.37505073129152	-0.21	-9.24444143173196	-0.21	0	0	0	63508	0	2
-9.24444143173196	-0.21	-9.1138321321724	-0.21	0	0	0	63508	0	2
-9.1138321321724	-0.21	-8.98322283261284	-0.21	0	0	0	63508	0	2
-8.98322283261284	-0.21	-8.85261353305328	-0.21	0	0	0	63508	0	2
-8.85261353305328	-0.21	-8.72200423349372	-0.21	0	0	0	63508	0	2
-8.72200423349372	-0.21	-8.59139493393416	-0.21	0	0	0	63508	0	2
-8.59139493393416	-0.21	-8.4607856343746	-0.21	0	0	0	63508	0	2
-8.4607856343746	-0.21	-8.33017633481504	-0.21	0	0	0	63508	0	2
-8.33017633481504	-0.21	-8.19956703525548	-0.21	0	0	0	63508	0	2
-8.19956703525548	-0.21	-8.06895773569591	-0.21	0	0	0	63508	0	2
-8.06895773569591	-0.21	-7.93834843613635	-0.21	0	0	0	63508	0	2
-7.93834843613635	-0.21	-7.80773913657679	-0.21	0	0	0	63508	0	2
-7.80773913657679	-0.21	-7.67712983701723	-0.21	0	0	0	63508	0	2
-7.67712983701723	-0.21	-7.54652053745767	-0.21	0	0	0	63508	0	2
-7.54652053745767	-0.21	-7.41591123789811	-0.21	0	0	0	63508	0	2
-7.41591123789811	-0.21	-7.28530193833855	-0.21	0	0	0	63508	0	2
-7.28530193833855	-0.21	-7.15469263877899	-0.21	0	0	0	63508	0	2
-7.15469263877899	-0.21	-7.02408333921943	-0.21	0	0	0	63508	0	2
-7.02408333921943	-0.21	-6.89347403965986	-0.21	0	0	0	63508	0	2
-6.89347403965986	-0.21	-6.7628647401003	-0.21	0	0	0	63508	0	2
-6.7628647401003	-0.21	-6.63225544054074	-0.21	0	0	0	63508	0	2
-6.63225544054074	-0.21	-6.50164614098118	-0.21	0	0	0	63508	0	2
-6.50164614098118	-0.21	-6.37103684142162	-0.21	0	0	0	63508	0	2
-6.37103684142162	-0.21	-6.24042754186206	-0.21	0	0	0	63508	0	2
-6.24042754186206	-0.21	-6.1098182423025	-0.21	0	0	0	63508	0	2
-6.1098182423025	-0.21	-5.97920894274294	-0.21	0	0	0	63508	0	2
-5.97920894274294	-0.21	-5.84859964318338	-0.21	0	0	0	63508	0	2
-5.84859964318338	-0.21	-5.71799034362381	-0.21	0	0	0	63508	0	2
-5.71799034362381	-0.21	-5.58738104406425	-0.21	0	0	0	63508	0	2
-5.58738104406425	-0.21	-5.45677174450469	-0.21	0	0	0	63508	0	2
-5.45677174450469	-0.21	-5.32616244494513	-0.21	0	0	0	63508	0	2
-5.32616244494513	-0.21	-5.19555314538557	-0.21	0	0	0	63508	0	2
-5.19555314538557	-0.21	-5.06494384582601	-0.21	0	0	0	63508	0	2
-5.06494384582601	-0.21	-4.93433454626645	-0.21	0	0	0	63508	0	2
-4.93433454626645	-0.21	-4.80372524670689	-0.21	0	0	0	63508	0	2
-4.80372524670689	-0.21	-4.67311594714733	-0.21	0	0	0	63508	0	2
-4.67311594714733	-0.21	-4.54250664758777	-0.21	0	0	0	63508	0	2
-4.54250664758777	-0.21	-4.4118973480282	-0.21	0	0	0	63508	0	2
-4.4118973480282	-0.21	-4.28128804846864	-0.21	0	0	0	63508	0	2
-4.28128804846864	-0.21	-4.15067874890908	-0.21	0	0	0	63508	0	2
-4.15067874890908	-0.21	-4.02006944934952	-0.21	0	0	0	63508	0	2
-4.02006944934952	-0.21	-3.88946014978996	-0.21	0	0	0	63508	0	2
-3.88946014978996	-0.21	-3.7588508502304	-0.21	0	0	0	63508	0	2
-3.7588508502304	-0.21	-3.62824155067084	-0.21	0	0	0	63508	0	2
-3.62824155067084	-0.21	-3.49763225111128	-0.21	0	0	0	63508	0	2
-3.49763225111128	-0.21	-3.36702295155172	-0.21	0	0	0	63508	0	2
-3.36702295155172	-0.21	-3.23641365199215	-0.21	0	0	0	63508	0	2
-3.23641365199215	-0.21	-3.10580435243259	-0.21	0	0	0	63508	0	2
-3.10580435243259	-0.21	-2.97519505287303	-0.21	0	0	0	63508	0	2
-2.97519505287303	-0.21	-2.84458575331347	-0.21	0	0	0	63508	0	2
-2.84458575331347	-0.21	-2.71397645375391	-0.21	0	0	0	63508	0	2
-2.71397645375391	-0.21	-2.58336715419435	-0.21	0	0	0	63508	0	2
-2.58336715419435	-0.21	-2.45275785463479	-0.21	0	0	0	63508	0	2
-2.45275785463479	-0.21	-2.32214855507523	-0.21	0	0	0	63508	0	2
-2.32214855507523	-0.21	-2.19153925551567	-0.21	0	0	0	63508	0	2
-2.19153925551567	-0.21	-2.0609299559561	-0.21	0	0	0	63508	0	2
-2.0609299559561	-0.21	-1.93032065639654	-0.21	0	0	0	63508	0	2
-1.93032065639654	-0.21	-1.79971135683698	-0.21	0	0	0	63508	0	2
-1.79971135683698	-0.21	-1.66910205727742	-0.21	0	0	0	63508	0	2
-1.66910205727742	-0.21	-1.53849275771786	-0.21	0	0	0	63508	0	2
-1.53849275771786	-0.21	-1.4078834581583	-0.21	0	0	0	63508	0	2
-1.4078834581583	-0.21	-1.27727415859874	-0.21	0	0	0	63508	0	2
-1.27727415859874	-0.21	-1.14666485903918	-0.21	0	0	0	63508	0	2
-1.14666485903918	-0.21	-1.01605555947962	-0.21	0	0	0	63508	0	2
-1.01605555947962	-0.21	-0.885446259920055	-0.21	0	0	0	63508	0	2
-0.885446259920055	-0.21	-0.754836960360494	-0.21	0	0	0	63508	0	2
-0.754836960360494	-0.21	-0.624227660800933	-0.21	0	0	0	63508	0	2
-0.624227660800933	-0.21	-0.493618361241371	-0.21	0	0	0	63508	0	2
-0.493618361241371	-0.21	-0.36300906168181	-0.21	0	0	0	63508	0	2
-0.36300906168181	-0.21	-0.232399762122249	-0.21	0	0	0	63508	0	2
-0.232399762122249	-0.21	-0.101790462562688	-0.21	0	0	0	63508	0	2
-0.101790462562688	-0.21	0.0288188369968729	-0.21	0	0	0	63508	0	2
0.0288188369968729	-0.21	0.159428136556434	-0.21	0	0	0	63508	0	2
0.159428136556434	-0.21	0.290037436115995	-0.21	0	0	0	63508	0	2
0.290037436115995	-0.21	0.420646735675556	-0.21	0	0	0	63508	0	2
0.420646735675556	-0.21	0.551256035235117	-0.21	0	0	0	63508	0	2
0.551256035235117	-0.21	0.681865334794677	-0.21	0	0	0	63508	0	2
0.681865334794677	-0.21	0.812474634354237	-0.21	0	0	0	63508	0	2
0.812474634354237	-0.21	0.943083933913798	-0.21	0	0	0	63508	0	2
0.943083933913798	-0.21	1.07369323347336	-0.21	0	0	0	63508	0	2
1.07369323347336	-0.21	1.20430253303292	-0.21	0	0	0	63508	0	2
1.20430253303292	-0.21	1.33491183259248	-0.21	0	0	0	63508	0	2
1.33491183259248	-0.21	1.46552113215204	-0.21	0	0	0	63508	0	2
1.46552113215204	-0.21	1.5961304317116	-0.21	0	0	0	63508	0	2
1.5961304317116	-0.21	1.72673973127116	-0.21	0	0	0	63508	0	2
1.72673973127116	-0.21	1.85734903083072	-0.21	0	0	0	63508	0	2
1.85734903083072	-0.21	1.98795833039029	-0.21	0	0	0	63508	0	2
1.98795833039029	-0.21	2.11856762994985	-0.21	0	0	0	63508	0	2
2.11856762994985	-0.21	2.24917692950941	-0.21	0	0	0	63508	0	2
2.24917692950941	-0.21	2.37978622906897	-0.21	0	0	0	63508	0	2
2.37978622906897	-0.21	2.51039552862853	-0.21	0	0	0	63508	0	2
2.51039552862853	-0.21	2.64100482818809	-0.21	0	0	0	63508	0	2
2.64100482818809	-0.21	2.77161412774765	-0.21	0	0	0	63508	0	2
2.77161412774765	-0.21	2.90222342730721	-0.21	0	0	0	63508	0	2
2.90222342730721	-0.21	3.03283272686677	-0.21	0	0	0	63508	0	2
3.03283272686677	-0.21	3.16344202642634	-0.21	0	0	0	63508	0	2
3.16344202642634	-0.21	3.2940513259859	-0.21	0	0	0	63508	0	2
3.2940513259859	-0.21	3.42466062554546	-0.21	0	0	0	63508	0	2
3.42466062554546	-0.21	3.55526992510502	-0.21	0	0	0	63508	0	2
3.55526992510502	-0.21	3.68587922466458	-0.21	0	0	0	63508	0	2
3.68587922466458	-0.21	3.81648852422414	-0.21	0	0	0	63508	0	2
3.81648852422414	-0.21	3.9470978237837	-0.21	0	0	0	63508	0	2
3.9470978237837	-0.21	4.07770712334326	-0.21	0	0	0	63508	0	2
4.07770712334326	-0.21	4.20831642290282	-0.21	0	0	0	63508	0	2
4.20831642290282	-0.21	4.33892572246238	-0.21	0	0	0	63508	0	2
4.33892572246238	-0.21	4.46953502202195	-0.21	0	0	0	63508	0	2
4.46953502202195	-0.21	4.60014432158151	-0.21	0	0	0	63508	0	2
4.60014432158151	-0.21	4.73075362114107	-0.21	0	0	0	63508	0	2
4.73075362114107	-0.21	4.86136292070063	-0.21	0	0	0	63508	0	2
4.86136292070063	-0.21	4.99197222026019	-0.21	0	0	0	63508	0	2
4.99197222026019	-0.21	5.12258151981975	-0.21	0	0	0	63508	0	2
5.12258151981975	-0.21	5.25319081937931	-0.21	0	0	0	63508	0	2
5.25319081937931	-0.21	5.38380011893887	-0.21	0	0	0	63508	0	2
5.38380011893887	-0.21	5.51440941849843	-0.21	0	0	0	63508	0	2
5.51440941849843	-0.21	5.645018718058	-0.21	0	0	0	63508	0	2
5.645018718058	-0.21	5.77562801761756	-0.21	0	0	0	63508	0	2
5.77562801761756	-0.21	5.90623731717712	-0.21	0	0	0	63508	0	2
5.90623731717712	-0.21	6.03684661673668	-0.21	0	0	0	63508	0	2
6.03684661673668	-0.21	6.16745591629624	-0.21	0	0	0	63508	0	2
6.16745591629624	-0.21	6.2980652158558	-0.21	0	0	0	63508	0	2
6.2980652158558	-0.21	6.42867451541536	-0.21	0	0	0	63508	0	2
6.42867451541536	-0.21	6.55928381497492	-0.21	0	0	0	63508	0	2
6.55928381497492	-0.21	6.68989311453448	-0.21	0	0	0	63508	0	2
6.68989311453448	-0.21	6.82050241409405	-0.21	0	0	0	63508	0	2
6.82050241409405	-0.21	6.95111171365361	-0.21	0	0	0	63508	0	2
6.95111171365361	-0.21	7.08172101321317	-0.21	0	0	0	63508	0	2
7.08172101321317	-0.21	7.21233031277273	-0.21	0	0	0	63508	0	2
7.21233031277273	-0.21	7.34293961233229	-0.21	0	0	0	63508	0	2
7.34293961233229	-0.21	7.47354891189185	-0.21	0	0	0	63508	0	2
7.47354891189185	-0.21	7.60415821145141	-0.21	0	0	0	63508	0	2
7.60415821145141	-0.21	7.73476751101097	-0.21	0	0	0	63508	0	2
7.73476751101097	-0.21	7.86537681057053	-0.21	0	0	0	63508	0	2
7.86537681057053	-0.21	7.9959861101301	-0.21	0	0	0	63508	0	2
7.9959861101301	-0.21	8.12659540968966	-0.21	0	0	0	63508	0	2
8.12659540968966	-0.21	8.25720470924922	-0.21	0	0	0	63508	0	2
8.25720470924922	-0.21	8.38781400880878	-0.21	0	0	0	63508	0	2
8.38781400880878	-0.21	8.51842330836834	-0.21	0	0	0	63508	0	2
8.51842330836834	-0.21	8.6490326079279	-0.21	0	0	0	63508	0	2
8.6490326079279	-0.21	8.77964190748746	-0.21	0	0	0	63508	0	2
8.77964190748746	-0.21	8.91025120704702	-0.21	0	0	0	63508	0	2
8.91025120704702	-0.21	9.04086050660658	-0.21	0	0	0	63508	0	2
9.04086050660658	-0.21	9.17146980616615	-0.21	0	0	0	63508	0	2
9.17146980616615	-0.21	9.30207910572571	-0.21	0	0	0	63508	0	2
9.30207910572571	-0.21	9.43268840528527	-0.21	0	0	0	63508	0	2
9.43268840528527	-0.21	9.56329770484483	-0.21	0	0	0	63508	0	2
9.56329770484483	-0.21	9.69390700440439	-0.21	0	0	0	63508	0	2
9.69390700440439	-0.21	9.82451630396395	-0.21	0	0	0	63508	0	2
9.82451630396395	-0.21	9.95512560352351	-0.21	0	0	0	63508	0	2
9.95512560352351	-0.21	10.0857349030831	-0.21	0	0	0	63508	0	2
10.0857349030831	-0.21	10.2163442026426	-0.21	0	0	0	63508	0	2
10.2163442026426	-0.21	10.3469535022022	-0.21	0	0	0	63508	0	2
10.3469535022022	-0.21	10.4775628017618	-0.21	0	0	0	63508	0	2
10.4775628017618	-0.21	10.6081721013213	-0.21	0	0	0	63508	0	2
10.6081721013213	-0.21	10.7387814008809	-0.21	0	0	0	63508	0	2
10.7387814008809	-0.21	10.8693907004404	-0.21	0	0	0	63508	0	2
10.8693907004404	-0.21	11	-0.21	0	0	0	63508	0	2
-11	-0.608	-10.8716820693124	-0.608	0	0	0	164918400	0	3
-10.8716820693124	-0.608	-10.7433641386248	-0.608	0	0	0	164918400	0	3
-10.7433641386248	-0.608	-10.6150462079372	-0.608	0	0	0	164918400	0	3
-10.6150462079372	-0.608	-10.4867282772496	-0.608	0	0	0	164918400	0	3
-10.4867282772496	-0.608	-10.3584103465621	-0.608	0	0	0	164918400	0	3
-10.3584103465621	-0.608	-10.2300924158745	-0.608	0	0	0	164918400	0	3
-10.2300924158745	-0.608	-10.1017744851869	-0.608	0	0	0	164918400	0	3
-10.1017744851869	-0.608	-9.97345655449928	-0.608	0	0	0	164918400	0	3
-9.97345655449928	-0.608	-9.84513862381169	-0.608	0	0	0	164918400	0	3
-9.84513862381169	-0.608	-9.7168206931241	-0.608	0	0	0	164918400	0	3
-9.7168206931241	-0.608	-9.58850276243651	-0.608	0	0	0	164918400	0	3
-9.58850276243651	-0.608	-9.46018483174892	-0.608	0	0	0	164918400	0	3
-9.46018483174892	-0.608	-9.33186690106133	-0.608	0	0	0	164918400	0	3
-9.33186690106133	-0.608	-9.20354897037374	-0.608	0	0	0	164918400	0	3
-8.68616914678943	-0.608	-8.55579716568487	-0.608	0	0	0	164918.4	0	4
-8.55579716568487	-0.608	-8.4254251845803	-0.608	0	0	0	164918.4	0	4
-8.4254251845803	-0.608	-8.29505320347573	-0.608	0	0	0	164918.4	0	4
-8.29505320347573	-0.608	-8.16468122237117	-0.608	0	0	0	164918.4	0	4
-8.16468122237117	-0.608	-8.0343092412666	-0.608	0	0	0	164918.4	0	4
-8.0343092412666	-0.608	-7.90393726016204	-0.608	0	0	0	164918.4	0	4
-7.90393726016204	-0.608	-7.77356527905747	-0.608	0	0	0	164918.4	0	4
-7.77356527905747	-0.608	-7.6431932979529	-0.608	0	0	0	164918.4	0	4
-7.6431932979529	-0.608	-7.51282131684834	-0.608	0	0	0	164918.4	0	4
-7.51282131684834	-0.608	-7.38244933574377	-0.608	0	0	0	164918.4	0	4
-7.38244933574377	-0.608	-7.25207735463921	-0.608	0	0	0	164918.4	0	4
-7.25207735463921	-0.608	-7.12170537353464	-0.608	0	0	0	164918.4	0	4
-7.12170537353464	-0.608	-6.99133339243008	-0.608	0	0	0	164918.4	0	4
-6.99133339243008	-0.608	-6.86096141132551	-0.608	0	0	0	164918.4	0	4
-6.86096141132551	-0.608	-6.73058943022094	-0.608	0	0	0	164918.4	0	4
-6.73058943022094	-0.608	-6.60021744911638	-0.608	0	0	0	164918.4	0	4
-6.60021744911638	-0.608	-6.46984546801181	-0.608	0	0	0	164918.4	0	4
-6.46984546801181	-0.608	-6.33947348690725	-0.608	0	0	0	164918.4	0	4
-6.33947348690725	-0.608	-6.20910150580268	-0.608	0	0	0	164918.4	0	4
-6.20910150580268	-0.608	-6.07872952469812	-0.608	0	0	0	164918.4	0	4
-6.07872952469812	-0.608	-5.94835754359355	-0.608	0	0	0	164918.4	0	4
-5.94835754359355	-0.608	-5.81798556248898	-0.608	0	0	0	164918.4	0	4
-5.81798556248898	-0.608	-5.68761358138442	-0.608	0	0	0	164918.4	0	4
-5.68761358138442	-0.608	-5.55724160027985	-0.608	0	0	0	164918.4	0	4
-5.55724160027985	-0.608	-5.42686961917529	-0.608	0	0	0	164918.4	0	4
-5.42686961917529	-0.608	-5.29649763807072	-0.608	0	0	0	164918.4	0	4
-5.29649763807072	-0.608	-5.16612565696615	-0.608	0	0	0	164918.4	0	4
-5.16612565696615	-0.608	-5.03575367586159	-0.608	0	0	0	164918.4	0	4
-5.03575367586159	-0.608	-4.90538169475702	-0.608	0	0	0	164918.4	0	4
-4.90538169475702	-0.608	-4.77500971365246	-0.608	0	0	0	164918.4	0	4
-4.77500971365246	-0.608	-4.64463773254789	-0.608	0	0	0	164918.4	0	4
-4.64463773254789	-0.608	-4.51426575144333	-0.608	0	0	0	164918.4	0	4
-4.51426575144333	-0.608	-4.38389377033876	-0.608	0	0	0	164918.4	0	4
-4.38389377033876	-0.608	-4.25352178923419	-0.608	0	0	0	164918.4	0	4
-4.25352178923419	-0.608	-4.12314980812963	-0.608	0	0	0	164918.4	0	4
-4.12314980812963	-0.608	-3.99277782702506	-0.608	0	0	0	164918.4	0	4
-3.99277782702506	-0.608	-3.8624058459205	-0.608	0	0	0	164918.4	0	4
-3.8624058459205	-0.608	-3.73203386481593	-0.608	0	0	0	164918.4	0	4
-3.73203386481593	-0.608	-3.60166188371137	-0.608	0	0	0	164918.4	0	4
-3.60166188371137	-0.608	-3.4712899026068	-0.608	0	0	0	164918.4	0	4
-3.4712899026068	-0.608	-3.34091792150223	-0.608	0	0	0	164918.4	0	4
-3.34091792150223	-0.608	-3.21054594039767	-0.608	0	0	0	164918.4	0	4
-3.21054594039767	-0.608	-3.0801739592931	-0.608	0	0	0	164918.4	0	4
-3.0801739592931	-0.608	-2.94980197818854	-0.608	0	0	0	164918.4	0	4
-2.94980197818854	-0.608	-2.81942999708397	-0.608	0	0	0	164918.4	0	4
-2.81942999708397	-0.608	-2.6890580159794	-0.608	0	0	0	164918.4	0	4
-2.6890580159794	-0.608	-2.55868603487484	-0.608	0	0	0	164918.4	0	4
-2.55868603487484	-0.608	-2.42831405377027	-0.608	0	0	0	164918.4	0	4
-2.42831405377027	-0.608	-2.29794207266571	-0.608	0	0	0	164918.4	0	4
-2.29794207266571	-0.608	-2.16757009156114	-0.608	0	0	0	164918.4	0	4
-2.16757009156114	-0.608	-2.03719811045658	-0.608	0	0	0	164918.4	0	4
-2.03719811045658	-0.608	-1.90682612935201	-0.608	0	0	0	164918.4	0	4
-1.90682612935201	-0.608	-1.77645414824744	-0.608	0	0	0	164918.4	0	4
-1.77645414824744	-0.608	-1.64608216714288	-0.608	0	0	0	164918.4	0	4
-1.64608216714288	-0.608	-1.51571018603831	-0.608	0	0	0	164918.4	0	4
-1.51571018603831	-0.608	-1.38533820493375	-0.608	0	0	0	164918.4	0	4
-1.38533820493375	-0.608	-1.25496622382918	-0.608	0	0	0	164918.4	0	4
-1.25496622382918	-0.608	-1.12459424272462	-0.608	0	0	0	164918.4	0	4
-1.12459424272462	-0.608	-0.99422226162005	-0.608	0	0	0	164918.4	0	4
-0.99422226162005	-0.608	-0.863850280515484	-0.608	0	0	0	164918.4	0	4
-0.863850280515484	-0.608	-0.733478299410917	-0.608	0	0	0	164918.4	0	4
-0.733478299410917	-0.608	-0.603106318306352	-0.608	0	0	0	164918.4	0	4
-0.603106318306352	-0.608	-0.472734337201787	-0.608	0	0	0	164918.4	0	4
-0.472734337201787	-0.608	-0.342362356097221	-0.608	0	0	0	164918.4	0	4
-0.342362356097221	-0.608	-0.211990374992656	-0.608	0	0	0	164918.4	0	4
-0.211990374992656	-0.608	-0.081618393888089	-0.608	0	0	0	164918.4	0	4
-0.081618393888089	-0.608	0.0487535872164759	-0.608	0	0	0	164918.4	0	4
0.0487535872164759	-0.608	0.179125568321043	-0.608	0	0	0	164918.4	0	4
0.179125568321043	-0.608	0.309497549425608	-0.608	0	0	0	164918.4	0	4
0.309497549425608	-0.608	0.439869530530174	-0.608	0	0	0	164918.4	0	4
0.439869530530174	-0.608	0.570241511634739	-0.608	0	0	0	164918.4	0	4
0.570241511634739	-0.608	0.700613492739306	-0.608	0	0	0	164918.4	0	4
0.700613492739306	-0.608	0.830985473843871	-0.608	0	0	0	164918.4	0	4
0.830985473843871	-0.608	0.961357454948438	-0.608	0	0	0	164918.4	0	4
0.961357454948438	-0.608	1.091729436053	-0.608	0	0	0	164918.4	0	4
1.091729436053	-0.608	1.22210141715757	-0.608	0	0	0	164918.4	0	4
1.22210141715757	-0.608	1.35247339826213	-0.608	0	0	0	164918.4	0	4
1.35247339826213	-0.608	1.4828453793667	-0.608	0	0	0	164918.4	0	4
1.4828453793667	-0.608	1.61321736047126	-0.608	0	0	0	164918.4	0	4
1.61321736047126	-0.608	1.74358934157583	-0.608	0	0	0	164918.4	0	4
1.74358934157583	-0.608	1.8739613226804	-0.608	0	0	0	164918.4	0	4
1.8739613226804	-0.608	2.00433330378496	-0.608	0	0	0	164918.4	0	4
2.00433330378496	-0.608	2.13470528488953	-0.608	0	0	0	164918.4	0	4
2.13470528488953	-0.608	2.26507726599409	-0.608	0	0	0	164918.4	0	4
2.26507726599409	-0.608	2.39544924709866	-0.608	0	0	0	164918.4	0	4
2.39544924709866	-0.608	2.52582122820323	-0.608	0	0	0	164918.4	0	4
2.52582122820323	-0.608	2.65619320930779	-0.608	0	0	0	164918.4	0	4
2.65619320930779	-0.608	2.78656519041236	-0.608	0	0	0	164918.4	0	4
2.78656519041236	-0.608	2.91693717151692	-0.608	0	0	0	164918.4	0	4
2.91693717151692	-0.608	3.04730915262149	-0.608	0	0	0	164918.4	0	4
3.04730915262149	-0.608	3.17768113372605	-0.608	0	0	0	164918.4	0	4
3.17768113372605	-0.608	3.30805311483062	-0.608	0	0	0	164918.4	0	4
3.30805311483062	-0.608	3.43842509593519	-0.608	0	0	0	164918.4	0	4
3.43842509593519	-0.608	3.56879707703975	-0.608	0	0	0	164918.4	0	4
3.56879707703975	-0.608	3.69916905814432	-0.608	0	0	0	164918.4	0	4
3.69916905814432	-0.608	3.82954103924888	-0.608	0	0	0	164918.4	0	4
3.82954103924888	-0.608	3.95991302035345	-0.608	0	0	0	164918.4	0	4
3.95991302035345	-0.608	4.09028500145801	-0.608	0	0	0	164918.4	0	4
4.09028500145801	-0.608	4.22065698256258	-0.608	0	0	0	164918.4	0	4
4.22065698256258	-0.608	4.35102896366715	-0.608	0	0	0	164918.4	0	4
4.35102896366715	-0.608	4.48140094477171	-0.608	0	0	0	164918.4	0	4
4.48140094477171	-0.608	4.61177292587628	-0.608	0	0	0	164918.4	0	4
4.61177292587628	-0.608	4.74214490698084	-0.608	0	0	0	164918.4	0	4
4.74214490698084	-0.608	4.87251688808541	-0.608	0	0	0	164918.4	0	4
4.87251688808541	-0.608	5.00288886918997	-0.608	0	0	0	164918.4	0	4
5.00288886918997	-0.608	5.13326085029454	-0.608	0	0	0	164918.4	0	4
5.13326085029454	-0.608	5.26363283139911	-0.608	0	0	0	164918.4	0	4
5.26363283139911	-0.608	5.39400481250367	-0.608	0	0	0	164918.4	0	4
5.39400481250367	-0.608	5.52437679360824	-0.608	0	0	0	164918.4	0	4
5.52437679360824	-0.608	5.6547487747128	-0.608	0	0	0	164918.4	0	4
5.6547487747128	-0.608	5.78512075581737	-0.608	0	0	0	164918.4	0	4
5.78512075581737	-0.608	5.91549273692193	-0.608	0	0	0	164918.4	0	4
5.91549273692193	-0.608	6.0458647180265	-0.608	0	0	0	164918.4	0	4
6.0458647180265	-0.608	6.17623669913107	-0.608	0	0	0	164918.4	0	4
6.17623669913107	-0.608	6.30660868023563	-0.608	0	0	0	164918.4	0	4
6.30660868023563	-0.608	6.4369806613402	-0.608	0	0	0	164918.4	0	4
6.4369806613402	-0.608	6.56735264244476	-0.608	0	0	0	164918.4	0	4
6.56735264244476	-0.608	6.69772462354933	-0.608	0	0	0	164918.4	0	4
6.69772462354933	-0.608	6.8280966046539	-0.608	0	0	0	164918.4	0	4
6.8280966046539	-0.608	6.95846858575846	-0.608	0	0	0	164918.4	0	4
6.95846858575846	-0.608	7.08884056686303	-0.608	0	0	0	164918.4	0	4
7.08884056686303	-0.608	7.21921254796759	-0.608	0	0	0	164918.4	0	4
7.21921254796759	-0.608	7.34958452907216	-0.608	0	0	0	164918.4	0	4
7.34958452907216	-0.608	7.47995651017672	-0.608	0	0	0	164918.4	0	4
7.47995651017672	-0.608	7.61032849128129	-0.608	0	0	0	164918.4	0	4
7.61032849128129	-0.608	7.74070047238586	-0.608	0	0	0	164918.4	0	4
7.74070047238586	-0.608	7.87107245349042	-0.608	0	0	0	164918.4	0	4
7.87107245349042	-0.608	8.00144443459499	-0.608	0	0	0	164918.4	0	4
8.00144443459499	-0.608	8.13181641569955	-0.608	0	0	0	164918.4	0	4
8.13181641569955	-0.608	8.26218839680412	-0.608	0	0	0	164918.4	0	4
8.26218839680412	-0.608	8.39256037790868	-0.608	0	0	0	164918.4	0	4
8.39256037790868	-0.608	8.52293235901325	-0.608	0	0	0	164918.4	0	4
8.52293235901325	-0.608	8.65330434011782	-0.608	0	0	0	164918.4	0	4
8.65330434011782	-0.608	8.78367632122238	-0.608	0	0	0	164918.4	0	4
8.78367632122238	-0.608	8.91404830232695	-0.608	0	0	0	164918.4	0	4
8.91404830232695	-0.608	9.04442028343151	-0.608	0	0	0	164918.4	0	4
9.04442028343151	-0.608	9.17479226453608	-0.608	0	0	0	164918.4	0	4
9.17479226453608	-0.608	9.30516424564065	-0.608	0	0	0	164918.4	0	4
9.30516424564065	-0.608	9.43553622674521	-0.608	0	0	0	164918.4	0	4
9.43553622674521	-0.608	9.56590820784978	-0.608	0	0	0	164918.4	0	4
9.56590820784978	-0.608	9.69628018895434	-0.608	0	0	0	164918.4	0	4
9.69628018895434	-0.608	9.82665217005891	-0.608	0	0	0	164918.4	0	4
9.82665217005891	-0.608	9.95702415116347	-0.608	0	0	0	164918.4	0	4
9.95702415116347	-0.608	10.087396132268	-0.608	0	0	0	164918.4	0	4
10.087396132268	-0.608	10.2177681133726	-0.608	0	0	0	164918.4	0	4
10.2177681133726	-0.608	10.3481400944772	-0.608	0	0	0	164918.4	0	4
10.3481400944772	-0.608	10.4785120755817	-0.608	0	0	0	164918.4	0	4
10.4785120755817	-0.608	10.6088840566863	-0.608	0	0	0	164918.4	0	4
10.6088840566863	-0.608	10.7392560377909	-0.608	0	0	0	164918.4	0	4
10.7392560377909	-0.608	10.8696280188954	-0.608	0	0	0	164918.4	0	4
10.8696280188954	-0.608	11	-0.608	0	0	0	164918.4	0	4
-11	-1.006	-10.8694074708374	-1.006	0	0	0	266328800	0	5
-10.8694074708374	-1.006	-10.7388149416748	-1.006	0	0	0	266328800	0	5
-10.7388149416748	-1.006	-10.6082224125122	-1.006	0	0	0	266328800	0	5
-10.6082224125122	-1.006	-10.4776298833496	-1.006	0	0	0	266328800	0	5
-10.4776298833496	-1.006	-10.347037354187	-1.006	0	0	0	266328800	0	5
-10.347037354187	-1.006	-10.2164448250245	-1.006	0	0	0	266328800	0	5
-10.2164448250245	-1.006	-10.0858522958619	-1.006	0	0	0	266328800	0	5
-10.0858522958619	-1.006	-9.95525976669927	-1.006	0	0	0	266328800	0	5
-9.95525976669927	-1.006	-9.82466723753668	-1.006	0	0	0	266328800	0	5
-9.82466723753668	-1.006	-9.69407470837409	-1.006	0	0	0	266328800	0	5
-9.69407470837409	-1.006	-9.5634821792115	-1.006	0	0	0	266328800	0	5
-9.5634821792115	-1.006	-9.43288965004891	-1.006	0	0	0	266328800	0	5
-9.43288965004891	-1.006	-9.30229712088632	-1.006	0	0	0	266328800	0	5
-9.30229712088632	-1.006	-9.17170459172373	-1.006	0	0	0	266328800	0	5
-9.17170459172373	-1.006	-9.04111206256113	-1.006	0	0	0	266328800	0	5
-9.04111206256113	-1.006	-8.91051953339854	-1.006	0	0	0	266328800	0	5
-8.91051953339854	-1.006	-8.77992700423595	-1.006	0	0	0	266328800	0	5
-8.77992700423595	-1.006	-8.64933447507336	-1.006	0	0	0	266328800	0	5
-8.64933447507336	-1.006	-8.51874194591077	-1.006	0	0	0	266328800	0	5
-7.99731963234795	-1.006	-7.86720100472912	-1.006	0	0	0	266328.8	0	6
-7.86720100472912	-1.006	-7.7370823771103	-1.006	0	0	0	266328.8	0	6
-7.7370823771103	-1.006	-7.60696374949148	-1.006	0	0	0	266328.8	0	6
-7.60696374949148	-1.006	-7.47684512187266	-1.006	0	0	0	266328.8	0	6
-7.47684512187266	-1.006	-7.34672649425384	-1.006	0	0	0	266328.8	0	6
-7.34672649425384	-1.006	-7.21660786663502	-1.006	0	0	0	266328.8	0	6
-7.21660786663502	-1.006	-7.08648923901619	-1.006	0	0	0	266328.8	0	6
-7.08648923901619	-1.006	-6.95637061139737	-1.006	0	0	0	266328.8	0	6
-6.95637061139737	-1.006	-6.82625198377855	-1.006	0	0	0	266328.8	0	6
-6.82625198377855	-1.006	-6.69613335615973	-1.006	0	0	0	266328.8	0	6
-6.69613335615973	-1.006	-6.56601472854091	-1.006	0	0	0	266328.8	0	6
-6.56601472854091	-1.006	-6.43589610092209	-1.006	0	0	0	266328.8	0	6
-6.43589610092209	-1.006	-6.30577747330326	-1.006	0	0	0	266328.8	0	6
-6.30577747330326	-1.006	-6.17565884568444	-1.006	0	0	0	266328.8	0	6
-6.17565884568444	-1.006	-6.04554021806562	-1.006	0	0	0	266328.8	0	6
-6.04554021806562	-1.006	-5.9154215904468	-1.006	0	0	0	266328.8	0	6
-5.9154215904468	-1.006	-5.78530296282798	-1.006	0	0	0	266328.8	0	6
-5.78530296282798	-1.006	-5.65518433520916	-1.006	0	0	0	266328.8	0	6
-5.65518433520916	-1.006	-5.52506570759034	-1.006	0	0	0	266328.8	0	6
-5.52506570759034	-1.006	-5.39494707997151	-1.006	0	0	0	266328.8	0	6
-5.39494707997151	-1.006	-5.26482845235269	-1.006	0	0	0	266328.8	0	6
-5.26482845235269	-1.006	-5.13470982473387	-1.006	0	0	0	266328.8	0	6
-5.13470982473387	-1.006	-5.00459119711505	-1.006	0	0	0	266328.8	0	6
-5.00459119711505	-1.006	-4.87447256949623	-1.006	0	0	0	266328.8	0	6
-4.87447256949623	-1.006	-4.74435394187741	-1.006	0	0	0	266328.8	0	6
-4.74435394187741	-1.006	-4.61423531425859	-1.006	0	0	0	266328.8	0	6
-4.61423531425859	-1.006	-4.48411668663976	-1.006	0	0	0	266328.8	0	6
-4.48411668663976	-1.006	-4.35399805902094	-1.006	0	0	0	266328.8	0	6
-4.35399805902094	-1.006	-4.22387943140212	-1.006	0	0	0	266328.8	0	6
-4.22387943140212	-1.006	-4.0937608037833	-1.006	0	0	0	266328.8	0	6
-4.0937608037833	-1.006	-3.96364217616448	-1.006	0	0	0	266328.8	0	6
-3.96364217616448	-1.006	-3.83352354854566	-1.006	0	0	0	266328.8	0	6
-3.83352354854566	-1.006	-3.70340492092683	-1.006	0	0	0	266328.8	0	6
-3.70340492092683	-1.006	-3.57328629330801	-1.006	0	0	0	266328.8	0	6
-3.57328629330801	-1.006	-3.44316766568919	-1.006	0	0	0	266328.8	0	6
-3.44316766568919	-1.006	-3.31304903807037	-1.006	0	0	0	266328.8	0	6
-3.31304903807037	-1.006	-3.18293041045155	-1.006	0	0	0	266328.8	0	6
-3.18293041045155	-1.006	-3.05281178283273	-1.006	0	0	0	266328.8	0	6
-3.05281178283273	-1.006	-2.92269315521391	-1.006	0	0	0	266328.8	0	6
-2.92269315521391	-1.006	-2.79257452759508	-1.006	0	0	0	266328.8	0	6
-2.79257452759508	-1.006	-2.66245589997626	-1.006	0	0	0	266328.8	0	6
-2.66245589997626	-1.006	-2.53233727235744	-1.006	0	0	0	266328.8	0	6
-2.53233727235744	-1.006	-2.40221864473862	-1.006	0	0	0	266328.8	0	6
-2.40221864473862	-1.006	-2.2721000171198	-1.006	0	0	0	266328.8	0	6
-2.2721000171198	-1.006	-2.14198138950098	-1.006	0	0	0	266328.8	0	6
-2.14198138950098	-1.006	-2.01186276188215	-1.006	0	0	0	266328.8	0	6
-2.01186276188215	-1.006	-1.88174413426333	-1.006	0	0	0	266328.8	0	6
-1.88174413426333	-1.006	-1.75162550664451	-1.006	0	0	0	266328.8	0	6
-1.75162550664451	-1.006	-1.62150687902569	-1.006	0	0	0	266328.8	0	6
-1.62150687902569	-1.006	-1.49138825140687	-1.006	0	0	0	266328.8	0	6
-1.49138825140687	-1.006	-1.36126962378805	-1.006	0	0	0	266328.8	0	6
-1.36126962378805	-1.006	-1.23115099616922	-1.006	0	0	0	266328.8	0	6
-1.23115099616922	-1.006	-1.1010323685504	-1.006	0	0	0	266328.8	0	6
-1.1010323685504	-1.006	-0.970913740931582	-1.006	0	0	0	266328.8	0	6
-0.970913740931582	-1.006	-0.840795113312761	-1.006	0	0	0	266328.8	0	6
-0.840795113312761	-1.006	-0.71067648569394	-1.006	0	0	0	266328.8	0	6
-0.71067648569394	-1.006	-0.580557858075117	-1.006	0	0	0	266328.8	0	6
-0.580557858075117	-1.006	-0.450439230456296	-1.006	0	0	0	266328.8	0	6
-0.450439230456296	-1.006	-0.320320602837475	-1.006	0	0	0	266328.8	0	6
-0.320320602837475	-1.006	-0.190201975218653	-1.006	0	0	0	266328.8	0	6
-0.190201975218653	-1.006	-0.0600833475998321	-1.006	0	0	0	266328.8	0	6
-0.0600833475998321	-1.006	0.0700352800189901	-1.006	0	0	0	266328.8	0	6
0.0700352800189901	-1.006	0.200153907637812	-1.006	0	0	0	266328.8	0	6
0.200153907637812	-1.006	0.330272535256633	-1.006	0	0	0	266328.8	0	6
0.330272535256633	-1.006	0.460391162875455	-1.006	0	0	0	266328.8	0	6
0.460391162875455	-1.006	0.590509790494275	-1.006	0	0	0	266328.8	0	6
0.590509790494275	-1.006	0.720628418113098	-1.006	0	0	0	266328.8	0	6
0.720628418113098	-1.006	0.85074704573192	-1.006	0	0	0	266328.8	0	6
0.85074704573192	-1.006	0.98086567335074	-1.006	0	0	0	266328.8	0	6
0.98086567335074	-1.006	1.11098430096956	-1.006	0	0	0	266328.8	0	6
1.11098430096956	-1.006	1.24110292858838	-1.006	0	0	0	266328.8	0	6
1.24110292858838	-1.006	1.37122155620721	-1.006	0	0	0	266328.8	0	6
1.37122155620721	-1.006	1.50134018382603	-1.006	0	0	0	266328.8	0	6
1.50134018382603	-1.006	1.63145881144485	-1.006	0	0	0	266328.8	0	6
1.63145881144485	-1.006	1.76157743906367	-1.006	0	0	0	266328.8	0	6
1.76157743906367	-1.006	1.89169606668249	-1.006	0	0	0	266328.8	0	6
1.89169606668249	-1.006	2.02181469430131	-1.006	0	0	0	266328.8	0	6
2.02181469430131	-1.006	2.15193332192014	-1.006	0	0	0	266328.8	0	6
2.15193332192014	-1.006	2.28205194953896	-1.006	0	0	0	266328.8	0	6
2.28205194953896	-1.006	2.41217057715778	-1.006	0	0	0	266328.8	0	6
2.41217057715778	-1.006	2.5422892047766	-1.006	0	0	0	266328.8	0	6
2.5422892047766	-1.006	2.67240783239542	-1.006	0	0	0	266328.8	0	6
2.67240783239542	-1.006	2.80252646001424	-1.006	0	0	0	266328.8	0	6
2.80252646001424	-1.006	2.93264508763306	-1.006	0	0	0	266328.8	0	6
2.93264508763306	-1.006	3.06276371525189	-1.006	0	0	0	266328.8	0	6
3.06276371525189	-1.006	3.19288234287071	-1.006	0	0	0	266328.8	0	6
3.19288234287071	-1.006	3.32300097048953	-1.006	0	0	0	266328.8	0	6
3.32300097048953	-1.006	3.45311959810835	-1.006	0	0	0	266328.8	0	6
3.45311959810835	-1.006	3.58323822572717	-1.006	0	0	0	266328.8	0	6
3.58323822572717	-1.006	3.71335685334599	-1.006	0	0	0	266328.8	0	6
3.71335685334599	-1.006	3.84347548096482	-1.006	0	0	0	266328.8	0	6
3.84347548096482	-1.006	3.97359410858364	-1.006	0	0	0	266328.8	0	6
3.97359410858364	-1.006	4.10371273620246	-1.006	0	0	0	266328.8	0	6
4.10371273620246	-1.006	4.23383136382128	-1.006	0	0	0	266328.8	0	6
4.23383136382128	-1.006	4.3639499914401	-1.006	0	0	0	266328.8	0	6
4.3639499914401	-1.006	4.49406861905892	-1.006	0	0	0	266328.8	0	6
4.49406861905892	-1.006	4.62418724667774	-1.006	0	0	0	266328.8	0	6
4.62418724667774	-1.006	4.75430587429657	-1.006	0	0	0	266328.8	0	6
4.75430587429657	-1.006	4.88442450191539	-1.006	0	0	0	266328.8	0	6
4.88442450191539	-1.006	5.01454312953421	-1.006	0	0	0	266328.8	0	6
5.01454312953421	-1.006	5.14466175715303	-1.006	0	0	0	266328.8	0	6
5.14466175715303	-1.006	5.27478038477185	-1.006	0	0	0	266328.8	0	6
5.27478038477185	-1.006	5.40489901239067	-1.006	0	0	0	266328.8	0	6
5.40489901239067	-1.006	5.5350176400095	-1.006	0	0	0	266328.8	0	6
5.5350176400095	-1.006	5.66513626762832	-1.006	0	0	0	266328.8	0	6
5.66513626762832	-1.006	5.79525489524714	-1.006	0	0	0	266328.8	0	6
5.79525489524714	-1.006	5.92537352286596	-1.006	0	0	0	266328.8	0	6
5.92537352286596	-1.006	6.05549215048478	-1.006	0	0	0	266328.8	0	6
6.05549215048478	-1.006	6.1856107781036	-1.006	0	0	0	266328.8	0	6
6.1856107781036	-1.006	6.31572940572242	-1.006	0	0	0	266328.8	0	6
6.31572940572242	-1.006	6.44584803334125	-1.006	0	0	0	266328.8	0	6
6.44584803334125	-1.006	6.57596666096007	-1.006	0	0	0	266328.8	0	6
6.57596666096007	-1.006	6.70608528857889	-1.006	0	0	0	266328.8	0	6
6.70608528857889	-1.006	6.83620391619771	-1.006	0	0	0	266328.8	0	6
6.83620391619771	-1.006	6.96632254381653	-1.006	0	0	0	266328.8	0	6
6.96632254381653	-1.006	7.09644117143535	-1.006	0	0	0	266328.8	0	6
7.09644117143535	-1.006	7.22655979905418	-1.006	0	0	0	266328.8	0	6
7.22655979905418	-1.006	7.356678426673	-1.006	0	0	0	266328.8	0	6
7.356678426673	-1.006	7.48679705429182	-1.006	0	0	0	266328.8	0	6
7.48679705429182	-1.006	7.61691568191064	-1.006	0	0	0	266328.8	0	6
7.61691568191064	-1.006	7.74703430952946	-1.006	0	0	0	266328.8	0	6
7.74703430952946	-1.006	7.87715293714828	-1.006	0	0	0	266328.8	0	6
7.87715293714828	-1.006	8.00727156476711	-1.006	0	0	0	266328.8	0	6
8.00727156476711	-1.006	8.13739019238593	-1.006	0	0	0	266328.8	0	6
8.13739019238593	-1.006	8.26750882000475	-1.006	0	0	0	266328.8	0	6
8.26750882000475	-1.006	8.39762744762357	-1.006	0	0	0	266328.8	0	6
8.39762744762357	-1.006	8.52774607524239	-1.006	0	0	0	266328.8	0	6
8.52774607524239	-1.006	8.65786470286121	-1.006	0	0	0	266328.8	0	6
8.65786470286121	-1.006	8.78798333048003	-1.006	0	0	0	266328.8	0	6
8.78798333048003	-1.006	8.91810195809886	-1.006	0	0	0	266328.8	0	6
8.91810195809886	-1.006	9.04822058571768	-1.006	0	0	0	266328.8	0	6
9.04822058571768	-1.006	9.1783392133365	-1.006	0	0	0	266328.8	0	6
9.1783392133365	-1.006	9.30845784095532	-1.006	0	0	0	266328.8	0	6
9.30845784095532	-1.006	9.43857646857414	-1.006	0	0	0	266328.8	0	6
9.43857646857414	-1.006	9.56869509619296	-1.006	0	0	0	266328.8	0	6
9.56869509619296	-1.006	9.69881372381179	-1.006	0	0	0	266328.8	0	6
9.69881372381179	-1.006	9.82893235143061	-1.006	0	0	0	266328.8	0	6
9.82893235143061	-1.006	9.95905097904943	-1.006	0	0	0	266328.8	0	6
9.95905097904943	-1.006	10.0891696066682	-1.006	0	0	0	266328.8	0	6
10.0891696066682	-1.006	10.2192882342871	-1.006	0	0	0	266328.8	0	6
10.2192882342871	-1.006	10.3494068619059	-1.006	0	0	0	266328.8	0	6
10.3494068619059	-1.006	10.4795254895247	-1.006	0	0	0	266328.8	0	6
10.4795254895247	-1.006	10.6096441171435	-1.006	0	0	0	266328.8	0	6
10.6096441171435	-1.006	10.7397627447624	-1.006	0	0	0	266328.8	0	6
10.7397627447624	-1.006	10.8698813723812	-1.006	0	0	0	266328.8	0	6
10.8698813723812	-1.006	11	-1.006	0	0	0	266328.8	0	6
-11	-1.404	-10.8728963209694	-1.404	0	0	0	367739200	0	7
-10.8728963209694	-1.404	-10.7457926419388	-1.404	0	0	0	367739200	0	7
-10.7457926419388	-1.404	-10.6186889629082	-1.404	0	0	0	367739200	0	7
-10.6186889629082	-1.404	-10.4915852838776	-1.404	0	0	0	367739200	0	7
-10.4915852838776	-1.404	-10.3644816048469	-1.404	0	0	0	367739200	0	7
-10.3644816048469	-1.404	-10.2373779258163	-1.404	0	0	0	367739200	0	7
-10.2373779258163	-1.404	-10.1102742467857	-1.404	0	0	0	367739200	0	7
-10.1102742467857	-1.404	-9.98317056775511	-1.404	0	0	0	367739200	0	7
-9.98317056775511	-1.404	-9.8560668887245	-1.404	0	0	0	367739200	0	7
-9.8560668887245	-1.404	-9.72896320969389	-1.404	0	0	0	367739200	0	7
-9.72896320969389	-1.404	-9.60185953066328	-1.404	0	0	0	367739200	0	7
-9.60185953066328	-1.404	-9.47475585163267	-1.404	0	0	0	367739200	0	7
-9.47475585163267	-1.404	-9.34765217260206	-1.404	0	0	0	367739200	0	7
-9.34765217260206	-1.404	-9.22054849357145	-1.404	0	0	0	367739200	0	7
-9.22054849357145	-1.404	-9.09344481454083	-1.404	0	0	0	367739200	0	7
-9.09344481454083	-1.404	-8.96634113551022	-1.404	0	0	0	367739200	0	7
-8.96634113551022	-1.404	-8.83923745647961	-1.404	0	0	0	367739200	0	7
-8.83923745647961	-1.404	-8.712133777449	-1.404	0	0	0	367739200	0	7
-8.712133777449	-1.404	-8.58503009841839	-1.404	0	0	0	367739200	0	7
-8.58503009841839	-1.404	-8.45792641938778	-1.404	0	0	0	367739200	0	7
-8.45792641938778	-1.404	-8.33082274035717	-1.404	0	0	0	367739200	0	7
-8.33082274035717	-1.404	-8.20371906132656	-1.404	0	0	0	367739200	0	7
-8.20371906132656	-1.404	-8.07661538229595	-1.404	0	0	0	367739200	0	7
-8.07661538229595	-1.404	-7.94951170326534	-1.404	0	0	0	367739200	0	7
-7.94951170326534	-1.404	-7.82240802423472	-1.404	0	0	0	367739200	0	7
-7.30667671312881	-1.404	-7.17591473660646	-1.404	0	0	0	367739.2	0	8
-7.17591473660646	-1.404	-7.04515276008411	-1.404	0	0	0	367739.2	0	8
-7.04515276008411	-1.404	-6.91439078356176	-1.404	0	0	0	367739.2	0	8
-6.91439078356176	-1.404	-6.78362880703941	-1.404	0	0	0	367739.2	0	8
-6.78362880703941	-1.404	-6.65286683051706	-1.404	0	0	0	367739.2	0	8
-6.65286683051706	-1.404	-6.52210485399471	-1.404	0	0	0	367739.2	0	8
-6.52210485399471	-1.404	-6.39134287747236	-1.404	0	0	0	367739.2	0	8
-6.39134287747236	-1.404	-6.26058090095002	-1.404	0	0	0	367739.2	0	8
-6.26058090095002	-1.404	-6.12981892442767	-1.404	0	0	0	367739.2	0	8
-6.12981892442767	-1.404	-5.99905694790532	-1.404	0	0	0	367739.2	0	8
-5.99905694790532	-1.404	-5.86829497138297	-1.404	0	0	0	367739.2	0	8
-5.86829497138297	-1.404	-5.73753299486062	-1.404	0	0	0	367739.2	0	8
-5.73753299486062	-1.404	-5.60677101833827	-1.404	0	0	0	367739.2	0	8
-5.60677101833827	-1.404	-5.47600904181592	-1.404	0	0	0	367739.2	0	8
-5.47600904181592	-1.404	-5.34524706529358	-1.404	0	0	0	367739.2	0	8
-5.34524706529358	-1.404	-5.21448508877123	-1.404	0	0	0	367739.2	0	8
-5.21448508877123	-1.404	-5.08372311224888	-1.404	0	0	0	367739.2	0	8
-5.08372311224888	-1.404	-4.95296113572653	-1.404	0	0	0	367739.2	0	8
-4.95296113572653	-1.404	-4.82219915920418	-1.404	0	0	0	367739.2	0	8
-4.82219915920418	-1.404	-4.69143718268183	-1.404	0	0	0	367739.2	0	8
-4.69143718268183	-1.404	-4.56067520615948	-1.404	0	0	0	367739.2	0	8
-4.56067520615948	-1.404	-4.42991322963714	-1.404	0	0	0	367739.2	0	8
-4.42991322963714	-1.404	-4.29915125311479	-1.404	0	0	0	367739.2	0	8
-4.29915125311479	-1.404	-4.16838927659244	-1.404	0	0	0	367739.2	0	8
-4.16838927659244	-1.404	-4.03762730007009	-1.404	0	0	0	367739.2	0	8
-4.03762730007009	-1.404	-3.90686532354774	-1.404	0	0	0	367739.2	0	8
-3.90686532354774	-1.404	-3.77610334702539	-1.404	0	0	0	367739.2	0	8
-3.77610334702539	-1.404	-3.64534137050304	-1.404	0	0	0	367739.2	0	8
-3.64534137050304	-1.404	-3.5145793939807	-1.404	0	0	0	367739.2	0	8
-3.5145793939807	-1.404	-3.38381741745835	-1.404	0	0	0	367739.2	0	8
-3.38381741745835	-1.404	-3.253055440936	-1.404	0	0	0	367739.2	0	8
-3.253055440936	-1.404	-3.12229346441365	-1.404	0	0	0	367739.2	0	8
-3.12229346441365	-1.404	-2.9915314878913	-1.404	0	0	0	367739.2	0	8
-2.9915314878913	-1.404	-2.86076951136895	-1.404	0	0	0	367739.2	0	8
-2.86076951136895	-1.404	-2.7300075348466	-1.404	0	0	0	367739.2	0	8
-2.7300075348466	-1.404	-2.59924555832426	-1.404	0	0	0	367739.2	0	8
-2.59924555832426	-1.404	-2.46848358180191	-1.404	0	0	0	367739.2	0	8
-2.46848358180191	-1.404	-2.33772160527956	-1.404	0	0	0	367739.2	0	8
-2.33772160527956	-1.404	-2.20695962875721	-1.404	0	0	0	367739.2	0	8
-2.20695962875721	-1.404	-2.07619765223486	-1.404	0	0	0	367739.2	0	8
-2.07619765223486	-1.404	-1.94543567571251	-1.404	0	0	0	367739.2	0	8
-1.94543567571251	-1.404	-1.81467369919016	-1.404	0	0	0	367739.2	0	8
-1.81467369919016	-1.404	-1.68391172266781	-1.404	0	0	0	367739.2	0	8
-1.68391172266781	-1.404	-1.55314974614547	-1.404	0	0	0	367739.2	0	8
-1.55314974614547	-1.404	-1.42238776962312	-1.404	0	0	0	367739.2	0	8
-1.42238776962312	-1.404	-1.29162579310077	-1.404	0	0	0	367739.2	0	8
-1.29162579310077	-1.404	-1.16086381657842	-1.404	0	0	0	367739.2	0	8
-1.16086381657842	-1.404	-1.03010184005607	-1.404	0	0	0	367739.2	0	8
-1.03010184005607	-1.404	-0.899339863533723	-1.404	0	0	0	367739.2	0	8
-0.899339863533723	-1.404	-0.768577887011374	-1.404	0	0	0	367739.2	0	8
-0.768577887011374	-1.404	-0.637815910489026	-1.404	0	0	0	367739.2	0	8
-0.637815910489026	-1.404	-0.507053933966677	-1.404	0	0	0	367739.2	0	8
-0.507053933966677	-1.404	-0.376291957444328	-1.404	0	0	0	367739.2	0	8
-0.376291957444328	-1.404	-0.24552998092198	-1.404	0	0	0	367739.2	0	8
-0.24552998092198	-1.404	-0.114768004399632	-1.404	0	0	0	367739.2	0	8
-0.114768004399632	-1.404	0.0159939721227174	-1.404	0	0	0	367739.2	0	8
0.0159939721227174	-1.404	0.146755948645066	-1.404	0	0	0	367739.2	0	8
0.146755948645066	-1.404	0.277517925167414	-1.404	0	0	0	367739.2	0	8
0.277517925167414	-1.404	0.408279901689763	-1.404	0	0	0	367739.2	0	8
0.408279901689763	-1.404	0.539041878212111	-1.404	0	0	0	367739.2	0	8
0.539041878212111	-1.404	0.66980385473446	-1.404	0	0	0	367739.2	0	8
0.66980385473446	-1.404	0.800565831256809	-1.404	0	0	0	367739.2	0	8
0.800565831256809	-1.404	0.931327807779158	-1.404	0	0	0	367739.2	0	8
0.931327807779158	-1.404	1.06208978430151	-1.404	0	0	0	367739.2	0	8
1.06208978430151	-1.404	1.19285176082386	-1.404	0	0	0	367739.2	0	8
1.19285176082386	-1.404	1.3236137373462	-1.404	0	0	0	367739.2	0	8
1.3236137373462	-1.404	1.45437571386855	-1.404	0	0	0	367739.2	0	8
1.45437571386855	-1.404	1.5851376903909	-1.404	0	0	0	367739.2	0	8
1.5851376903909	-1.404	1.71589966691325	-1.404	0	0	0	367739.2	0	8
1.71589966691325	-1.404	1.8466616434356	-1.404	0	0	0	367739.2	0	8
1.8466616434356	-1.404	1.97742361995795	-1.404	0	0	0	367739.2	0	8
1.97742361995795	-1.404	2.1081855964803	-1.404	0	0	0	367739.2	0	8
2.1081855964803	-1.404	2.23894757300264	-1.404	0	0	0	367739.2	0	8
2.23894757300264	-1.404	2.36970954952499	-1.404	0	0	0	367739.2	0	8
2.36970954952499	-1.404	2.50047152604734	-1.404	0	0	0	367739.2	0	8
2.50047152604734	-1.404	2.63123350256969	-1.404	0	0	0	367739.2	0	8
2.63123350256969	-1.404	2.76199547909204	-1.404	0	0	0	367739.2	0	8
2.76199547909204	-1.404	2.89275745561439	-1.404	0	0	0	367739.2	0	8
2.89275745561439	-1.404	3.02351943213673	-1.404	0	0	0	367739.2	0	8
3.02351943213673	-1.404	3.15428140865908	-1.404	0	0	0	367739.2	0	8
3.15428140865908	-1.404	3.28504338518143	-1.404	0	0	0	367739.2	0	8
3.28504338518143	-1.404	3.41580536170378	-1.404	0	0	0	367739.2	0	8
3.41580536170378	-1.404	3.54656733822613	-1.404	0	0	0	367739.2	0	8
3.54656733822613	-1.404	3.67732931474848	-1.404	0	0	0	367739.2	0	8
3.67732931474848	-1.404	3.80809129127083	-1.404	0	0	0	367739.2	0	8
3.80809129127083	-1.404	3.93885326779318	-1.404	0	0	0	367739.2	0	8
3.93885326779318	-1.404	4.06961524431552	-1.404	0	0	0	367739.2	0	8
4.06961524431552	-1.404	4.20037722083787	-1.404	0	0	0	367739.2	0	8
4.20037722083787	-1.404	4.33113919736022	-1.404	0	0	0	367739.2	0	8
4.33113919736022	-1.404	4.46190117388257	-1.404	0	0	0	367739.2	0	8
4.46190117388257	-1.404	4.59266315040492	-1.404	0	0	0	367739.2	0	8
4.59266315040492	-1.404	4.72342512692727	-1.404	0	0	0	367739.2	0	8
4.72342512692727	-1.404	4.85418710344962	-1.404	0	0	0	367739.2	0	8
4.85418710344962	-1.404	4.98494907997196	-1.404	0	0	0	367739.2	0	8
4.98494907997196	-1.404	5.11571105649431	-1.404	0	0	0	367739.2	0	8
5.11571105649431	-1.404	5.24647303301666	-1.404	0	0	0	367739.2	0	8
5.24647303301666	-1.404	5.37723500953901	-1.404	0	0	0	367739.2	0	8
5.37723500953901	-1.404	5.50799698606136	-1.404	0	0	0	367739.2	0	8
5.50799698606136	-1.404	5.63875896258371	-1.404	0	0	0	367739.2	0	8
5.63875896258371	-1.404	5.76952093910606	-1.404	0	0	0	367739.2	0	8
5.76952093910606	-1.404	5.9002829156284	-1.404	0	0	0	367739.2	0	8
5.9002829156284	-1.404	6.03104489215075	-1.404	0	0	0	367739.2	0	8
6.03104489215075	-1.404	6.1618068686731	-1.404	0	0	0	367739.2	0	8
6.1618068686731	-1.404	6.29256884519545	-1.404	0	0	0	367739.2	0	8
6.29256884519545	-1.404	6.4233308217178	-1.404	0	0	0	367739.2	0	8
6.4233308217178	-1.404	6.55409279824015	-1.404	0	0	0	367739.2	0	8
6.55409279824015	-1.404	6.6848547747625	-1.404	0	0	0	367739.2	0	8
6.6848547747625	-1.404	6.81561675128484	-1.404	0	0	0	367739.2	0	8
6.81561675128484	-1.404	6.94637872780719	-1.404	0	0	0	367739.2	0	8
6.94637872780719	-1.404	7.07714070432954	-1.404	0	0	0	367739.2	0	8
7.07714070432954	-1.404	7.20790268085189	-1.404	0	0	0	367739.2	0	8
7.20790268085189	-1.404	7.33866465737424	-1.404	0	0	0	367739.2	0	8
7.33866465737424	-1.404	7.46942663389659	-1.404	0	0	0	367739.2	0	8
7.46942663389659	-1.404	7.60018861041894	-1.404	0	0	0	367739.2	0	8
7.60018861041894	-1.404	7.73095058694128	-1.404	0	0	0	367739.2	0	8
7.73095058694128	-1.404	7.86171256346363	-1.404	0	0	0	367739.2	0	8
7.86171256346363	-1.404	7.99247453998598	-1.404	0	0	0	367739.2	0	8
7.99247453998598	-1.404	8.12323651650833	-1.404	0	0	0	367739.2	0	8
8.12323651650833	-1.404	8.25399849303068	-1.404	0	0	0	367739.2	0	8
8.25399849303068	-1.404	8.38476046955303	-1.404	0	0	0	367739.2	0	8
8.38476046955303	-1.404	8.51552244607538	-1.404	0	0	0	367739.2	0	8
8.51552244607538	-1.404	8.64628442259773	-1.404	0	0	0	367739.2	0	8
8.64628442259773	-1.404	8.77704639912007	-1.404	0	0	0	367739.2	0	8
8.77704639912007	-1.404	8.90780837564242	-1.404	0	0	0	367739.2	0	8
8.90780837564242	-1.404	9.03857035216477	-1.404	0	0	0	367739.2	0	8
9.03857035216477	-1.404	9.16933232868712	-1.404	0	0	0	367739.2	0	8
9.16933232868712	-1.404	9.30009430520947	-1.404	0	0	0	367739.2	0	8
9.30009430520947	-1.404	9.43085628173182	-1.404	0	0	0	367739.2	0	8
9.43085628173182	-1.404	9.56161825825417	-1.404	0	0	0	367739.2	0	8
9.56161825825417	-1.404	9.69238023477651	-1.404	0	0	0	367739.2	0	8
9.69238023477651	-1.404	9.82314221129886	-1.404	0	0	0	367739.2	0	8
9.82314221129886	-1.404	9.95390418782121	-1.404	0	0	0	367739.2	0	8
9.95390418782121	-1.404	10.0846661643436	-1.404	0	0	0	367739.2	0	8
10.0846661643436	-1.404	10.2154281408659	-1.404	0	0	0	367739.2	0	8
10.2154281408659	-1.404	10.3461901173883	-1.404	0	0	0	367739.2	0	8
10.3461901173883	-1.404	10.4769520939106	-1.404	0	0	0	367739.2	0	8
10.4769520939106	-1.404	10.607714070433	-1.404	0	0	0	367739.2	0	8
10.607714070433	-1.404	10.7384760469553	-1.404	0	0	0	367739.2	0	8
10.7384760469553	-1.404	10.8692380234777	-1.404	0	0	0	367739.2	0	8
10.8692380234777	-1.404	11	-1.404	0	0	0	367739.2	0	8
-11	-1.802	-10.8712138888988	-1.802	0	0	0	469149600	0	9
-10.8712138888988	-1.802	-10.7424277777975	-1.802	0	0	0	469149600	0	9
-10.7424277777975	-1.802	-10.6136416666963	-1.802	0	0	0	469149600	0	9
-10.6136416666963	-1.802	-10.4848555555951	-1.802	0	0	0	469149600	0	9
-10.4848555555951	-1.802	-10.3560694444938	-1.802	0	0	0	469149600	0	9
-10.3560694444938	-1.802	-10.2272833333926	-1.802	0	0	0	469149600	0	9
-10.2272833333926	-1.802	-10.0984972222913	-1.802	0	0	0	469149600	0	9
-10.0984972222913	-1.802	-9.9697111111901	-1.802	0	0	0	469149600	0	9
-9.9697111111901	-1.802	-9.84092500008887	-1.802	0	0	0	469149600	0	9
-9.84092500008887	-1.802	-9.71213888898763	-1.802	0	0	0	469149600	0	9
-9.71213888898763	-1.802	-9.58335277788639	-1.802	0	0	0	469149600	0	9
-9.58335277788639	-1.802	-9.45456666678516	-1.802	0	0	0	469149600	0	9
-9.45456666678516	-1.802	-9.32578055568392	-1.802	0	0	0	469149600	0	9
-9.32578055568392	-1.802	-9.19699444458268	-1.802	0	0	0	469149600	0	9
-9.19699444458268	-1.802	-9.06820833348145	-1.802	0	0	0	469149600	0	9
-9.06820833348145	-1.802	-8.93942222238021	-1.802	0	0	0	469149600	0	9
-8.93942222238021	-1.802	-8.81063611127897	-1.802	0	0	0	469149600	0	9
-8.81063611127897	-1.802	-8.68185000017774	-1.802	0	0	0	469149600	0	9
-8.68185000017774	-1.802	-8.5530638890765	-1.802	0	0	0	469149600	0	9
-8.5530638890765	-1.802	-8.42427777797526	-1.802	0	0	0	469149600	0	9
-8.42427777797526	-1.802	-8.29549166687402	-1.802	0	0	0	469149600	0	9
-8.29549166687402	-1.802	-8.16670555577279	-1.802	0	0	0	469149600	0	9
-8.16670555577279	-1.802	-8.03791944467155	-1.802	0	0	0	469149600	0	9
-8.03791944467155	-1.802	-7.90913333357031	-1.802	0	0	0	469149600	0	9
-7.90913333357031	-1.802	-7.78034722246908	-1.802	0	0	0	469149600	0	9
-7.78034722246908	-1.802	-7.65156111136784	-1.802	0	0	0	469149600	0	9
-7.65156111136784	-1.802	-7.5227750002666	-1.802	0	0	0	469149600	0	9
-7.5227750002666	-1.802	-7.39398888916537	-1.802	0	0	0	469149600	0	9
-7.39398888916537	-1.802	-7.26520277806413	-1.802	0	0	0	469149600	0	9
-7.26520277806413	-1.802	-7.13641666696289	-1.802	0	0	0	469149600	0	9
-6.61783941636976	-1.802	-6.48733690217442	-1.802	0	0	0	469149.6	0	10
-6.48733690217442	-1.802	-6.35683438797909	-1.802	0	0	0	469149.6	0	10
-6.35683438797909	-1.802	-6.22633187378376	-1.802	0	0	0	469149.6	0	10
-6.22633187378376	-1.802	-6.09582935958843	-1.802	0	0	0	469149.6	0	10
-6.09582935958843	-1.802	-5.9653268453931	-1.802	0	0	0	469149.6	0	10
-5.9653268453931	-1.802	-5.83482433119777	-1.802	0	0	0	469149.6	0	10
-5.83482433119777	-1.802	-5.70432181700243	-1.802	0	0	0	469149.6	0	10
-5.70432181700243	-1.802	-5.5738193028071	-1.802	0	0	0	469149.6	0	10
-5.5738193028071	-1.802	-5.44331678861177	-1.802	0	0	0	469149.6	0	10
-5.44331678861177	-1.802	-5.31281427441644	-1.802	0	0	0	469149.6	0	10
-5.31281427441644	-1.802	-5.18231176022111	-1.802	0	0	0	469149.6	0	10
-5.18231176022111	-1.802	-5.05180924602578	-1.802	0	0	0	469149.6	0	10
-5.05180924602578	-1.802	-4.92130673183045	-1.802	0	0	0	469149.6	0	10
-4.92130673183045	-1.802	-4.79080421763511	-1.802	0	0	0	469149.6	0	10
-4.79080421763511	-1.802	-4.66030170343978	-1.802	0	0	0	469149.6	0	10
-4.66030170343978	-1.802	-4.52979918924445	-1.802	0	0	0	469149.6	0	10
-4.52979918924445	-1.802	-4.39929667504912	-1.802	0	0	0	469149.6	0	10
-4.39929667504912	-1.802	-4.26879416085379	-1.802	0	0	0	469149.6	0	10
-4.26879416085379	-1.802	-4.13829164665846	-1.802	0	0	0	469149.6	0	10
-4.13829164665846	-1.802	-4.00778913246313	-1.802	0	0	0	469149.6	0	10
-4.00778913246313	-1.802	-3.87728661826779	-1.802	0	0	0	469149.6	0	10
-3.87728661826779	-1.802	-3.74678410407246	-1.802	0	0	0	469149.6	0	10
-3.74678410407246	-1.802	-3.61628158987713	-1.802	0	0	0	469149.6	0	10
-3.61628158987713	-1.802	-3.4857790756818	-1.802	0	0	0	469149.6	0	10
-3.4857790756818	-1.802	-3.35527656148647	-1.802	0	0	0	469149.6	0	10
-3.35527656148647	-1.802	-3.22477404729114	-1.802	0	0	0	469149.6	0	10
-3.22477404729114	-1.802	-3.0942715330958	-1.802	0	0	0	469149.6	0	10
-3.0942715330958	-1.802	-2.96376901890047	-1.802	0	0	0	469149.6	0	10
-2.96376901890047	-1.802	-2.83326650470514	-1.802	0	0	0	469149.6	0	10
-2.83326650470514	-1.802	-2.70276399050981	-1.802	0	0	0	469149.6	0	10
-2.70276399050981	-1.802	-2.57226147631448	-1.802	0	0	0	469149.6	0	10
-2.57226147631448	-1.802	-2.44175896211915	-1.802	0	0	0	469149.6	0	10
-2.44175896211915	-1.802	-2.31125644792382	-1.802	0	0	0	469149.6	0	10
-2.31125644792382	-1.802	-2.18075393372848	-1.802	0	0	0	469149.6	0	10
-2.18075393372848	-1.802	-2.05025141953315	-1.802	0	0	0	469149.6	0	10
-2.05025141953315	-1.802	-1.91974890533782	-1.802	0	0	0	469149.6	0	10
-1.91974890533782	-1.802	-1.78924639114249	-1.802	0	0	0	469149.6	0	10
-1.78924639114249	-1.802	-1.65874387694716	-1.802	0	0	0	469149.6	0	10
-1.65874387694716	-1.802	-1.52824136275183	-1.802	0	0	0	469149.6	0	10
-1.52824136275183	-1.802	-1.39773884855649	-1.802	0	0	0	469149.6	0	10
-1.39773884855649	-1.802	-1.26723633436116	-1.802	0	0	0	469149.6	0	10
-1.26723633436116	-1.802	-1.13673382016583	-1.802	0	0	0	469149.6	0	10
-1.13673382016583	-1.802	-1.0062313059705	-1.802	0	0	0	469149.6	0	10
-1.0062313059705	-1.802	-0.875728791775169	-1.802	0	0	0	469149.6	0	10
-0.875728791775169	-1.802	-0.745226277579837	-1.802	0	0	0	469149.6	0	10
-0.745226277579837	-1.802	-0.614723763384506	-1.802	0	0	0	469149.6	0	10
-0.614723763384506	-1.802	-0.484221249189175	-1.802	0	0	0	469149.6	0	10
-0.484221249189175	-1.802	-0.353718734993843	-1.802	0	0	0	469149.6	0	10
-0.353718734993843	-1.802	-0.223216220798512	-1.802	0	0	0	469149.6	0	10
-0.223216220798512	-1.802	-0.0927137066031802	-1.802	0	0	0	469149.6	0	10
-0.0927137066031802	-1.802	0.0377888075921513	-1.802	0	0	0	469149.6	0	10
0.0377888075921513	-1.802	0.168291321787483	-1.802	0	0	0	469149.6	0	10
0.168291321787483	-1.802	0.298793835982814	-1.802	0	0	0	469149.6	0	10
0.298793835982814	-1.802	0.429296350178146	-1.802	0	0	0	469149.6	0	10
0.429296350178146	-1.802	0.559798864373477	-1.802	0	0	0	469149.6	0	10
0.559798864373477	-1.802	0.690301378568809	-1.802	0	0	0	469149.6	0	10
0.690301378568809	-1.802	0.820803892764141	-1.802	0	0	0	469149.6	0	10
0.820803892764141	-1.802	0.951306406959472	-1.802	0	0	0	469149.6	0	10
0.951306406959472	-1.802	1.0818089211548	-1.802	0	0	0	469149.6	0	10
1.0818089211548	-1.802	1.21231143535014	-1.802	0	0	0	469149.6	0	10
1.21231143535014	-1.802	1.34281394954547	-1.802	0	0	0	469149.6	0	10
1.34281394954547	-1.802	1.4733164637408	-1.802	0	0	0	469149.6	0	10
1.4733164637408	-1.802	1.60381897793613	-1.802	0	0	0	469149.6	0	10
1.60381897793613	-1.802	1.73432149213146	-1.802	0	0	0	469149.6	0	10
1.73432149213146	-1.802	1.86482400632679	-1.802	0	0	0	469149.6	0	10
1.86482400632679	-1.802	1.99532652052212	-1.802	0	0	0	469149.6	0	10
1.99532652052212	-1.802	2.12582903471746	-1.802	0	0	0	469149.6	0	10
2.12582903471746	-1.802	2.25633154891279	-1.802	0	0	0	469149.6	0	10
2.25633154891279	-1.802	2.38683406310812	-1.802	0	0	0	469149.6	0	10
2.38683406310812	-1.802	2.51733657730345	-1.802	0	0	0	469149.6	0	10
2.51733657730345	-1.802	2.64783909149878	-1.802	0	0	0	469149.6	0	10
2.64783909149878	-1.802	2.77834160569411	-1.802	0	0	0	469149.6	0	10
2.77834160569411	-1.802	2.90884411988945	-1.802	0	0	0	469149.6	0	10
2.90884411988945	-1.802	3.03934663408478	-1.802	0	0	0	469149.6	0	10
3.03934663408478	-1.802	3.16984914828011	-1.802	0	0	0	469149.6	0	10
3.16984914828011	-1.802	3.30035166247544	-1.802	0	0	0	469149.6	0	10
3.30035166247544	-1.802	3.43085417667077	-1.802	0	0	0	469149.6	0	10
3.43085417667077	-1.802	3.5613566908661	-1.802	0	0	0	469149.6	0	10
3.5613566908661	-1.802	3.69185920506144	-1.802	0	0	0	469149.6	0	10
3.69185920506144	-1.802	3.82236171925677	-1.802	0	0	0	469149.6	0	10
3.82236171925677	-1.802	3.9528642334521	-1.802	0	0	0	469149.6	0	10
3.9528642334521	-1.802	4.08336674764743	-1.802	0	0	0	469149.6	0	10
4.08336674764743	-1.802	4.21386926184276	-1.802	0	0	0	469149.6	0	10
4.21386926184276	-1.802	4.34437177603809	-1.802	0	0	0	469149.6	0	10
4.34437177603809	-1.802	4.47487429023342	-1.802	0	0	0	469149.6	0	10
4.47487429023342	-1.802	4.60537680442876	-1.802	0	0	0	469149.6	0	10
4.60537680442876	-1.802	4.73587931862409	-1.802	0	0	0	469149.6	0	10
4.73587931862409	-1.802	4.86638183281942	-1.802	0	0	0	469149.6	0	10
4.86638183281942	-1.802	4.99688434701475	-1.802	0	0	0	469149.6	0	10
4.99688434701475	-1.802	5.12738686121008	-1.802	0	0	0	469149.6	0	10
5.12738686121008	-1.802	5.25788937540541	-1.802	0	0	0	469149.6	0	10
5.25788937540541	-1.802	5.38839188960074	-1.802	0	0	0	469149.6	0	10
5.38839188960074	-1.802	5.51889440379608	-1.802	0	0	0	469149.6	0	10
5.51889440379608	-1.802	5.64939691799141	-1.802	0	0	0	469149.6	0	10
5.64939691799141	-1.802	5.77989943218674	-1.802	0	0	0	469149.6	0	10
5.77989943218674	-1.802	5.91040194638207	-1.802	0	0	0	469149.6	0	10
5.91040194638207	-1.802	6.0409044605774	-1.802	0	0	0	469149.6	0	10
6.0409044605774	-1.802	6.17140697477273	-1.802	0	0	0	469149.6	0	10
6.17140697477273	-1.802	6.30190948896807	-1.802	0	0	0	469149.6	0	10
6.30190948896807	-1.802	6.4324120031634	-1.802	0	0	0	469149.6	0	10
6.4324120031634	-1.802	6.56291451735873	-1.802	0	0	0	469149.6	0	10
6.56291451735873	-1.802	6.69341703155406	-1.802	0	0	0	469149.6	0	10
6.69341703155406	-1.802	6.82391954574939	-1.802	0	0	0	469149.6	0	10
6.82391954574939	-1.802	6.95442205994472	-1.802	0	0	0	469149.6	0	10
6.95442205994472	-1.802	7.08492457414005	-1.802	0	0	0	469149.6	0	10
7.08492457414005	-1.802	7.21542708833539	-1.802	0	0	0	469149.6	0	10
7.21542708833539	-1.802	7.34592960253072	-1.802	0	0	0	469149.6	0	10
7.34592960253072	-1.802	7.47643211672605	-1.802	0	0	0	469149.6	0	10
7.47643211672605	-1.802	7.60693463092138	-1.802	0	0	0	469149.6	0	10
7.60693463092138	-1.802	7.73743714511671	-1.802	0	0	0	469149.6	0	10
7.73743714511671	-1.802	7.86793965931204	-1.802	0	0	0	469149.6	0	10
7.86793965931204	-1.802	7.99844217350737	-1.802	0	0	0	469149.6	0	10
7.99844217350737	-1.802	8.12894468770271	-1.802	0	0	0	469149.6	0	10
8.12894468770271	-1.802	8.25944720189804	-1.802	0	0	0	469149.6	0	10
8.25944720189804	-1.802	8.38994971609337	-1.802	0	0	0	469149.6	0	10
8.38994971609337	-1.802	8.5204522302887	-1.802	0	0	0	469149.6	0	10
8.5204522302887	-1.802	8.65095474448403	-1.802	0	0	0	469149.6	0	10
8.65095474448403	-1.802	8.78145725867936	-1.802	0	0	0	469149.6	0	10
8.78145725867936	-1.802	8.9119597728747	-1.802	0	0	0	469149.6	0	10
8.9119597728747	-1.802	9.04246228707003	-1.802	0	0	0	469149.6	0	10
9.04246228707003	-1.802	9.17296480126536	-1.802	0	0	0	469149.6	0	10
9.17296480126536	-1.802	9.30346731546069	-1.802	0	0	0	469149.6	0	10
9.30346731546069	-1.802	9.43396982965602	-1.802	0	0	0	469149.6	0	10
9.43396982965602	-1.802	9.56447234385135	-1.802	0	0	0	469149.6	0	10
9.56447234385135	-1.802	9.69497485804668	-1.802	0	0	0	469149.6	0	10
9.69497485804668	-1.802	9.82547737224202	-1.802	0	0	0	469149.6	0	10
9.82547737224202	-1.802	9.95597988643735	-1.802	0	0	0	469149.6	0	10
9.95597988643735	-1.802	10.0864824006327	-1.802	0	0	0	469149.6	0	10
10.0864824006327	-1.802	10.216984914828	-1.802	0	0	0	469149.6	0	10
10.216984914828	-1.802	10.3474874290233	-1.802	0	0	0	469149.6	0	10
10.3474874290233	-1.802	10.4779899432187	-1.802	0	0	0	469149.6	0	10
10.4779899432187	-1.802	10.608492457414	-1.802	0	0	0	469149.6	0	10
10.608492457414	-1.802	10.7389949716093	-1.802	0	0	0	469149.6	0	10
10.7389949716093	-1.802	10.8694974858047	-1.802	0	0	0	469149.6	0	10
10.8694974858047	-1.802	11	-1.802	0	0	0	469149.6	0	10
-11	-2.2	-10.8699861681986	-2.2	0	0	0	570560000	0	11
-10.8699861681986	-2.2	-10.7399723363972	-2.2	0	0	0	570560000	0	11
-10.7399723363972	-2.2	-10.6099585045958	-2.2	0	0	0	570560000	0	11
-10.6099585045958	-2.2	-10.4799446727944	-2.2	0	0	0	570560000	0	11
-10.4799446727944	-2.2	-10.349930840993	-2.2	0	0	0	570560000	0	11
-10.349930840993	-2.2	-10.2199170091916	-2.2	0	0	0	570560000	0	11
-10.2199170091916	-2.2	-10.0899031773902	-2.2	0	0	0	570560000	0	11
-10.0899031773902	-2.2	-9.95988934558883	-2.2	0	0	0	570560000	0	11
-9.95988934558883	-2.2	-9.82987551378743	-2.2	0	0	0	570560000	0	11
-9.82987551378743	-2.2	-9.69986168198604	-2.2	0	0	0	570560000	0	11
-9.69986168198604	-2.2	-9.56984785018464	-2.2	0	0	0	570560000	0	11
-9.56984785018464	-2.2	-9.43983401838324	-2.2	0	0	0	570560000	0	11
-9.43983401838324	-2.2	-9.30982018658185	-2.2	0	0	0	570560000	0	11
-9.30982018658185	-2.2	-9.17980635478045	-2.2	0	0	0	570560000	0	11
-9.17980635478045	-2.2	-9.04979252297905	-2.2	0	0	0	570560000	0	11
-9.04979252297905	-2.2	-8.91977869117766	-2.2	0	0	0	570560000	0	11
-8.91977869117766	-2.2	-8.78976485937626	-2.2	0	0	0	570560000	0	11
-8.78976485937626	-2.2	-8.65975102757487	-2.2	0	0	0	570560000	0	11
-8.65975102757487	-2.2	-8.52973719577347	-2.2	0	0	0	570560000	0	11
-8.52973719577347	-2.2	-8.39972336397207	-2.2	0	0	0	570560000	0	11
-8.39972336397207	-2.2	-8.26970953217068	-2.2	0	0	0	570560000	0	11
-8.26970953217068	-2.2	-8.13969570036928	-2.2	0	0	0	570560000	0	11
-8.13969570036928	-2.2	-8.00968186856788	-2.2	0	0	0	570560000	0	11
-8.00968186856788	-2.2	-7.87966803676649	-2.2	0	0	0	570560000	0	11
-7.87966803676649	-2.2	-7.74965420496509	-2.2	0	0	0	570560000	0	11
-7.74965420496509	-2.2	-7.61964037316369	-2.2	0	0	0	570560000	0	11
-7.61964037316369	-2.2	-7.4896265413623	-2.2	0	0	0	570560000	0	11
-7.4896265413623	-2.2	-7.3596127095609	-2.2	0	0	0	570560000	0	11
-7.3596127095609	-2.2	-7.22959887775951	-2.2	0	0	0	570560000	0	11
-7.22959887775951	-2.2	-7.09958504595811	-2.2	0	0	0	570560000	0	11
-7.09958504595811	-2.2	-6.96957121415671	-2.2	0	0	0	570560000	0	11
-6.96957121415671	-2.2	-6.83955738235532	-2.2	0	0	0	570560000	0	11
-6.83955738235532	-2.2	-6.70954355055392	-2.2	0	0	0	570560000	0	11
-6.70954355055392	-2.2	-6.57952971875252	-2.2	0	0	0	570560000	0	11
-6.57952971875252	-2.2	-6.44951588695113	-2.2	0	0	0	570560000	0	11
-5.92904143208548	-2.2	-5.79881803645405	-2.2	0	0	0	570560	0	12
-5.79881803645405	-2.2	-5.66859464082263	-2.2	0	0	0	570560	0	12
-5.66859464082263	-2.2	-5.5383712451912	-2.2	0	0	0	570560	0	12
-5.5383712451912	-2.2	-5.40814784955977	-2.2	0	0	0	570560	0	12
-5.40814784955977	-2.2	-5.27792445392835	-2.2	0	0	0	570560	0	12
-5.27792445392835	-2.2	-5.14770105829692	-2.2	0	0	0	570560	0	12
-5.14770105829692	-2.2	-5.01747766266549	-2.2	0	0	0	570560	0	12
-5.01747766266549	-2.2	-4.88725426703407	-2.2	0	0	0	570560	0	12
-4.88725426703407	-2.2	-4.75703087140264	-2.2	0	0	0	570560	0	12
-4.75703087140264	-2.2	-4.62680747577121	-2.2	0	0	0	570560	0	12
-4.62680747577121	-2.2	-4.49658408013979	-2.2	0	0	0	570560	0	12
-4.49658408013979	-2.2	-4.36636068450836	-2.2	0	0	0	570560	0	12
-4.36636068450836	-2.2	-4.23613728887693	-2.2	0	0	0	570560	0	12
-4.23613728887693	-2.2	-4.10591389324551	-2.2	0	0	0	570560	0	12
-4.10591389324551	-2.2	-3.97569049761408	-2.2	0	0	0	570560	0	12
-3.97569049761408	-2.2	-3.84546710198265	-2.2	0	0	0	570560	0	12
-3.84546710198265	-2.2	-3.71524370635123	-2.2	0	0	0	570560	0	12
-3.71524370635123	-2.2	-3.5850203107198	-2.2	0	0	0	570560	0	12
-3.5850203107198	-2.2	-3.45479691508837	-2.2	0	0	0	570560	0	12
-3.45479691508837	-2.2	-3.32457351945695	-2.2	0	0	0	570560	0	12
-3.32457351945695	-2.2	-3.19435012382552	-2.2	0	0	0	570560	0	12
-3.19435012382552	-2.2	-3.06412672819409	-2.2	0	0	0	570560	0	12
-3.06412672819409	-2.2	-2.93390333256267	-2.2	0	0	0	570560	0	12
-2.93390333256267	-2.2	-2.80367993693124	-2.2	0	0	0	570560	0	12
-2.80367993693124	-2.2	-2.67345654129981	-2.2	0	0	0	570560	0	12
-2.67345654129981	-2.2	-2.54323314566838	-2.2	0	0	0	570560	0	12
-2.54323314566838	-2.2	-2.41300975003696	-2.2	0	0	0	570560	0	12
-2.41300975003696	-2.2	-2.28278635440553	-2.2	0	0	0	570560	0	12
-2.28278635440553	-2.2	-2.15256295877411	-2.2	0	0	0	570560	0	12
-2.15256295877411	-2.2	-2.02233956314268	-2.2	0	0	0	570560	0	12
-2.02233956314268	-2.2	-1.89211616751125	-2.2	0	0	0	570560	0	12
-1.89211616751125	-2.2	-1.76189277187982	-2.2	0	0	0	570560	0	12
-1.76189277187982	-2.2	-1.6316693762484	-2.2	0	0	0	570560	0	12
-1.6316693762484	-2.2	-1.50144598061697	-2.2	0	0	0	570560	0	12
-1.50144598061697	-2.2	-1.37122258498554	-2.2	0	0	0	570560	0	12
-1.37122258498554	-2.2	-1.24099918935412	-2.2	0	0	0	570560	0	12
-1.24099918935412	-2.2	-1.11077579372269	-2.2	0	0	0	570560	0	12
-1.11077579372269	-2.2	-0.980552398091264	-2.2	0	0	0	570560	0	12
-0.980552398091264	-2.2	-0.850329002459837	-2.2	0	0	0	570560	0	12
-0.850329002459837	-2.2	-0.72010560682841	-2.2	0	0	0	570560	0	12
-0.72010560682841	-2.2	-0.589882211196984	-2.2	0	0	0	570560	0	12
-0.589882211196984	-2.2	-0.459658815565557	-2.2	0	0	0	570560	0	12
-0.459658815565557	-2.2	-0.32943541993413	-2.2	0	0	0	570560	0	12
-0.32943541993413	-2.2	-0.199212024302703	-2.2	0	0	0	570560	0	12
-0.199212024302703	-2.2	-0.0689886286712769	-2.2	0	0	0	570560	0	12
-0.0689886286712769	-2.2	0.0612347669601503	-2.2	0	0	0	570560	0	12
0.0612347669601503	-2.2	0.191458162591577	-2.2	0	0	0	570560	0	12
0.191458162591577	-2.2	0.321681558223004	-2.2	0	0	0	570560	0	12
0.321681558223004	-2.2	0.451904953854431	-2.2	0	0	0	570560	0	12
0.451904953854431	-2.2	0.582128349485857	-2.2	0	0	0	570560	0	12
0.582128349485857	-2.2	0.712351745117284	-2.2	0	0	0	570560	0	12
0.712351745117284	-2.2	0.842575140748711	-2.2	0	0	0	570560	0	12
0.842575140748711	-2.2	0.972798536380138	-2.2	0	0	0	570560	0	12
0.972798536380138	-2.2	1.10302193201156	-2.2	0	0	0	570560	0	12
1.10302193201156	-2.2	1.23324532764299	-2.2	0	0	0	570560	0	12
1.23324532764299	-2.2	1.36346872327442	-2.2	0	0	0	570560	0	12
1.36346872327442	-2.2	1.49369211890584	-2.2	0	0	0	570560	0	12
1.49369211890584	-2.2	1.62391551453727	-2.2	0	0	0	570560	0	12
1.62391551453727	-2.2	1.7541389101687	-2.2	0	0	0	570560	0	12
1.7541389101687	-2.2	1.88436230580012	-2.2	0	0	0	570560	0	12
1.88436230580012	-2.2	2.01458570143155	-2.2	0	0	0	570560	0	12
2.01458570143155	-2.2	2.14480909706298	-2.2	0	0	0	570560	0	12
2.14480909706298	-2.2	2.27503249269441	-2.2	0	0	0	570560	0	12
2.27503249269441	-2.2	2.40525588832583	-2.2	0	0	0	570560	0	12
2.40525588832583	-2.2	2.53547928395726	-2.2	0	0	0	570560	0	12
2.53547928395726	-2.2	2.66570267958869	-2.2	0	0	0	570560	0	12
2.66570267958869	-2.2	2.79592607522011	-2.2	0	0	0	570560	0	12
2.79592607522011	-2.2	2.92614947085154	-2.2	0	0	0	570560	0	12
2.92614947085154	-2.2	3.05637286648297	-2.2	0	0	0	570560	0	12
3.05637286648297	-2.2	3.18659626211439	-2.2	0	0	0	570560	0	12
3.18659626211439	-2.2	3.31681965774582	-2.2	0	0	0	570560	0	12
3.31681965774582	-2.2	3.44704305337725	-2.2	0	0	0	570560	0	12
3.44704305337725	-2.2	3.57726644900867	-2.2	0	0	0	570560	0	12
3.57726644900867	-2.2	3.7074898446401	-2.2	0	0	0	570560	0	12
3.7074898446401	-2.2	3.83771324027153	-2.2	0	0	0	570560	0	12
3.83771324027153	-2.2	3.96793663590296	-2.2	0	0	0	570560	0	12
3.96793663590296	-2.2	4.09816003153438	-2.2	0	0	0	570560	0	12
4.09816003153438	-2.2	4.22838342716581	-2.2	0	0	0	570560	0	12
4.22838342716581	-2.2	4.35860682279723	-2.2	0	0	0	570560	0	12
4.35860682279723	-2.2	4.48883021842866	-2.2	0	0	0	570560	0	12
4.48883021842866	-2.2	4.61905361406009	-2.2	0	0	0	570560	0	12
4.61905361406009	-2.2	4.74927700969152	-2.2	0	0	0	570560	0	12
4.74927700969152	-2.2	4.87950040532294	-2.2	0	0	0	570560	0	12
4.87950040532294	-2.2	5.00972380095437	-2.2	0	0	0	570560	0	12
5.00972380095437	-2.2	5.1399471965858	-2.2	0	0	0	570560	0	12
5.1399471965858	-2.2	5.27017059221722	-2.2	0	0	0	570560	0	12
5.27017059221722	-2.2	5.40039398784865	-2.2	0	0	0	570560	0	12
5.40039398784865	-2.2	5.53061738348008	-2.2	0	0	0	570560	0	12
5.53061738348008	-2.2	5.6608407791115	-2.2	0	0	0	570560	0	12
5.6608407791115	-2.2	5.79106417474293	-2.2	0	0	0	570560	0	12
5.79106417474293	-2.2	5.92128757037436	-2.2	0	0	0	570560	0	12
5.92128757037436	-2.2	6.05151096600578	-2.2	0	0	0	570560	0	12
6.05151096600578	-2.2	6.18173436163721	-2.2	0	0	0	570560	0	12
6.18173436163721	-2.2	6.31195775726864	-2.2	0	0	0	570560	0	12
6.31195775726864	-2.2	6.44218115290006	-2.2	0	0	0	570560	0	12
6.44218115290006	-2.2	6.57240454853149	-2.2	0	0	0	570560	0	12
6.57240454853149	-2.2	6.70262794416292	-2.2	0	0	0	570560	0	12
6.70262794416292	-2.2	6.83285133979434	-2.2	0	0	0	570560	0	12
6.83285133979434	-2.2	6.96307473542577	-2.2	0	0	0	570560	0	12
6.96307473542577	-2.2	7.0932981310572	-2.2	0	0	0	570560	0	12
7.0932981310572	-2.2	7.22352152668862	-2.2	0	0	0	570560	0	12
7.22352152668862	-2.2	7.35374492232005	-2.2	0	0	0	570560	0	12
7.35374492232005	-2.2	7.48396831795148	-2.2	0	0	0	570560	0	12
7.48396831795148	-2.2	7.6141917135829	-2.2	0	0	0	570560	0	12
7.6141917135829	-2.2	7.74441510921433	-2.2	0	0	0	570560	0	12
7.74441510921433	-2.2	7.87463850484576	-2.2	0	0	0	570560	0	12
7.87463850484576	-2.2	8.00486190047718	-2.2	0	0	0	570560	0	12
8.00486190047718	-2.2	8.13508529610861	-2.2	0	0	0	570560	0	12
8.13508529610861	-2.2	8.26530869174004	-2.2	0	0	0	570560	0	12
8.26530869174004	-2.2	8.39553208737146	-2.2	0	0	0	570560	0	12
8.39553208737146	-2.2	8.52575548300289	-2.2	0	0	0	570560	0	12
8.52575548300289	-2.2	8.65597887863432	-2.2	0	0	0	570560	0	12
8.65597887863432	-2.2	8.78620227426575	-2.2	0	0	0	570560	0	12
8.78620227426575	-2.2	8.91642566989717	-2.2	0	0	0	570560	0	12
8.91642566989717	-2.2	9.0466490655286	-2.2	0	0	0	570560	0	12
9.0466490655286	-2.2	9.17687246116003	-2.2	0	0	0	570560	0	12
9.17687246116003	-2.2	9.30709585679145	-2.2	0	0	0	570560	0	12
9.30709585679145	-2.2	9.43731925242288	-2.2	0	0	0	570560	0	12
9.43731925242288	-2.2	9.5675426480543	-2.2	0	0	0	570560	0	12
9.5675426480543	-2.2	9.69776604368573	-2.2	0	0	0	570560	0	12
9.69776604368573	-2.2	9.82798943931716	-2.2	0	0	0	570560	0	12
9.82798943931716	-2.2	9.95821283494859	-2.2	0	0	0	570560	0	12
9.95821283494859	-2.2	10.08843623058	-2.2	0	0	0	570560	0	12
10.08843623058	-2.2	10.2186596262114	-2.2	0	0	0	570560	0	12
10.2186596262114	-2.2	10.3488830218429	-2.2	0	0	0	570560	0	12
10.3488830218429	-2.2	10.4791064174743	-2.2	0	0	0	570560	0	12
10.4791064174743	-2.2	10.6093298131057	-2.2	0	0	0	570560	0	12
10.6093298131057	-2.2	10.7395532087371	-2.2	0	0	0	570560	0	12
10.7395532087371	-2.2	10.8697766043686	-2.2	0	0	0	570560	0	12
10.8697766043686	-2.2	11	-2.2	0	0	0	570560	0	12
-10	0	-9.89174682452695	-0.0625	0	0	0	0	0	0
-9.89174682452695	-0.0625	-9.78349364905389	-0.125	0	0	0	0	0	0
-9.783493649054	-0.125	-9.70988148973232	-0.1675	0	0	0	0	0	0
-9.70988148973232	-0.1675	-9.63626933041065	-0.21	0	0	0	0	0	0
-9.63626933041065	-0.21	-9.56698729810789	-0.25	0	0	0	0	0	0
-9.566987298108	-0.25	-9.45873412263495	-0.3125	0	0	0	0	0	0
-9.45873412263495	-0.3125	-9.35048094716189	-0.375	0	0	0	0	0	0
-9.350480947162	-0.375	-9.24222777168895	-0.4375	0	0	0	0	0	0
-9.24222777168895	-0.4375	-9.13397459621589	-0.5	0	0	0	0	0	0
-9.133974596216	-0.5	-9.04044385260728	-0.554	0	0	0	0	0	0
-9.04044385260728	-0.554	-8.94691310899856	-0.608	0	0	0	0	0	0
-8.94691310899856	-0.608	-8.91746824526989	-0.625	0	0	0	0	0	0
-8.917468245269	-0.625	-8.80921506979595	-0.6875	0	0	0	0	0	0
-8.80921506979595	-0.6875	-8.70096189432289	-0.75	0	0	0	0	0	0
-8.700961894323	-0.75	-8.59270871884994	-0.8125	0	0	0	0	0	0
-8.59270871884994	-0.8125	-8.48445554337689	-0.875	0	0	0	0	0	0
-8.484455543377	-0.875	-8.37620236790395	-0.9375	0	0	0	0	0	0
-8.37620236790395	-0.9375	-8.26794919243089	-1	0	0	0	0	0	0
-8.267949192431	-1	-8.25755688758559	-1.006	0	0	0	0	0	0
-8.25755688758559	-1.006	-8.15449986453524	-1.0655	0	0	0	0	0	0
-8.15449986453524	-1.0655	-8.05144284148489	-1.125	0	0	0	0	0	0
-8.051442841485	-1.125	-7.94318966601195	-1.1875	0	0	0	0	0	0
-7.94318966601195	-1.1875	-7.83493649053889	-1.25	0	0	0	0	0	0
-7.834936490539	-1.25	-7.72668331506595	-1.3125	0	0	0	0	0	0
-7.72668331506595	-1.3125	-7.61843013959289	-1.375	0	0	0	0	0	0
-7.618430139593	-1.375	-7.5682006661735	-1.404	0	0	0	0	0	0
-7.5682006661735	-1.404	-7.4850622274102	-1.452	0	0	0	0	0	0
-7.4850622274102	-1.452	-7.40192378864689	-1.5	0	0	0	0	0	0
-7.401923788647	-1.5	-7.29367061317395	-1.5625	0	0	0	0	0	0
-7.29367061317395	-1.5625	-7.18541743770089	-1.625	0	0	0	0	0	0
-7.185417437701	-1.625	-7.07716426222795	-1.6875	0	0	0	0	0	0
-7.07716426222795	-1.6875	-6.96891108675489	-1.75	0	0	0	0	0	0
-6.968911086754	-1.75	-6.87884444476042	-1.802	0	0	0	0	0	0
-6.87884444476042	-1.802	-6.81562459028415	-1.8385	0	0	0	0	0	0
-6.81562459028415	-1.8385	-6.75240473580789	-1.875	0	0	0	0	0	0
-6.752404735808	-1.875	-6.64415156033495	-1.9375	0	0	0	0	0	0
-6.64415156033495	-1.9375	-6.53589838486189	-2	0	0	0	0	0	0
-6.535898384862	-2	-6.42764520938895	-2.0625	0	0	0	0	0	0
-6.42764520938895	-2.0625	-6.31939203391589	-2.125	0	0	0	0	0	0
-6.319392033916	-2.125	-6.25444012863217	-2.1625	0	0	0	0	0	0
-6.25444012863217	-2.1625	-6.18948822334833	-2.2	0	0	0	0	0	0
-6.18948822334833	-2.2	-6.10288568296989	-2.25	0	0	0	0	0	0
-6.10288568297	-2.25	-5.99441500129888	-2.31212174512844	0	0	0	0	0	0
-5.99441500129888	-2.31212174512844	-5.88594431962777	-2.374243490257	0	0	0	0	0	0
-5.885944319628	-2.374243490257	-5.76520359134187	-2.40659587089481	0	0	0	0	0	0
-5.76520359134187	-2.40659587089481	-5.64446286305573	-2.438948251533	0	0	0	0	0	0
-5.644462863056	-2.438948251533	-5.51946362459878	-2.4393845829599	0	0	0	0	0	0
-5.51946362459878	-2.4393845829599	-5.39446438614155	-2.439820914386	0	0	0	0	0	0
-5.394464386141	-2.439820914386	-5.269464386141	-2.439820914386	0	0	0	0	0	0
-5.269464386141	-2.439820914386	-5.144464386141	-2.439820914386	0	0	0	0	0	0
-5.144464386141	-2.439820914386	-5.019464386141	-2.439820914386	0	0	0	0	0	0
-5.019464386141	-2.439820914386	-4.894464386141	-2.439820914386	0	0	0	0	0	0
-4.894464386141	-2.439820914386	-4.769464386141	-2.439820914386	0	0	0	0	0	0
-4.769464386141	-2.439820914386	-4.644464386141	-2.439820914386	0	0	0	0	0	0
-4.644464386141	-2.439820914386	-4.519464386141	-2.439820914386	0	0	0	0	0	0
-4.519464386141	-2.439820914386	-4.394464386141	-2.439820914386	0	0	0	0	0	0
-4.394464386141	-2.439820914386	-4.269464386141	-2.439820914386	0	0	0	0	0	0
-4.269464386141	-2.439820914386	-4.144464386141	-2.439820914386	0	0	0	0	0	0
-4.144464386141	-2.439820914386	-4.019464386141	-2.439820914386	0	0	0	0	0	0
-4.019464386141	-2.439820914386	-3.894464386141	-2.439820914386	0	0	0	0	0	0
-3.894464386141	-2.439820914386	-3.769464386141	-2.439820914386	0	0	0	0	0	0
-3.769464386141	-2.439820914386	-3.644464386141	-2.439820914386	0	0	0	0	0	0
-3.644464386141	-2.439820914386	-3.519464386141	-2.439820914386	0	0	0	0	0	0
-3.519464386141	-2.439820914386	-3.394464386141	-2.439820914386	0	0	0	0	0	0
-3.394464386141	-2.439820914386	-3.269464386141	-2.439820914386	0	0	0	0	0	0
-3.269464386141	-2.439820914386	-3.144464386141	-2.439820914386	0	0	0	0	0	0
-3.144464386141	-2.439820914386	-3.019464386141	-2.439820914386	0	0	0	0	0	0
-3.019464386141	-2.439820914386	-2.894464386141	-2.439820914386	0	0	0	0	0	0
-2.894464386141	-2.439820914386	-2.769464386141	-2.439820914386	0	0	0	0	0	0
-2.769464386141	-2.439820914386	-2.644464386141	-2.439820914386	0	0	0	0	0	0
-2.644464386141	-2.439820914386	-2.519464386141	-2.439820914386	0	0	0	0	0	0
-2.519464386141	-2.439820914386	-2.394464386141	-2.439820914386	0	0	0	0	0	0
-2.394464386141	-2.439820914386	-2.269464386141	-2.439820914386	0	0	0	0	0	0
-2.269464386141	-2.439820914386	-2.144464386141	-2.439820914386	0	0	0	0	0	0
-2.144464386141	-2.439820914386	-2.019464386141	-2.439820914386	0	0	0	0	0	0
-2.019464386141	-2.439820914386	-1.894464386141	-2.439820914386	0	0	0	0	0	0
-1.894464386141	-2.439820914386	-1.769464386141	-2.439820914386	0	0	0	0	0	0
-1.769464386141	-2.439820914386	-1.644464386141	-2.439820914386	0	0	0	0	0	0
-1.644464386141	-2.439820914386	-1.519464386141	-2.439820914386	0	0	0	0	0	0
-1.519464386141	-2.439820914386	-1.394464386141	-2.439820914386	0	0	0	0	0	0
-1.394464386141	-2.439820914386	-1.269464386141	-2.439820914386	0	0	0	0	0	0
-1.269464386141	-2.439820914386	-1.144464386141	-2.439820914386	0	0	0	0	0	0
-1.144464386141	-2.439820914386	-1.019464386141	-2.439820914386	0	0	0	0	0	0
-1.019464386141	-2.439820914386	-0.894464386141	-2.439820914386	0	0	0	0	0	0
-0.894464386141	-2.439820914386	-0.769464386141	-2.439820914386	0	0	0	0	0	0
-0.769464386141	-2.439820914386	-0.644464386141	-2.439820914386	0	0	0	0	0	0
-0.644464386141	-2.439820914386	-0.519464386141	-2.439820914386	0	0	0	0	0	0
-0.519464386141	-2.439820914386	-0.394464386141	-2.439820914386	0	0	0	0	0	0
-0.394464386141	-2.439820914386	-0.269464386141	-2.439820914386	0	0	0	0	0	0
-0.269464386141	-2.439820914386	-0.144464386141	-2.439820914386	0	0	0	0	0	0
-0.144464386141	-2.439820914386	-0.019464386141	-2.439820914386	0	0	0	0	0	0
-0.019464386141	-2.439820914386	0.105535613859	-2.439820914386	0	0	0	0	0	0
0.105535613859	-2.439820914386	0.230535613859	-2.439820914386	0	0	0	0	0	0
0.230535613859	-2.439820914386	0.355535613859	-2.439820914386	0	0	0	0	0	0
0.355535613859	-2.439820914386	0.480535613859	-2.439820914386	0	0	0	0	0	0
0.480535613859	-2.439820914386	0.605535613859	-2.439820914386	0	0	0	0	0	0
0.605535613859	-2.439820914386	0.730535613859	-2.439820914386	0	0	0	0	0	0
0.730535613859	-2.439820914386	0.855535613859	-2.439820914386	0	0	0	0	0	0
0.855535613859	-2.439820914386	0.980535613859	-2.439820914386	0	0	0	0	0	0
0.980535613859	-2.439820914386	1.105535613859	-2.439820914386	0	0	0	0	0	0
1.105535613859	-2.439820914386	1.230535613859	-2.439820914386	0	0	0	0	0	0
1.230535613859	-2.439820914386	1.355535613859	-2.439820914386	0	0	0	0	0	0
1.355535613859	-2.439820914386	1.480535613859	-2.439820914386	0	0	0	0	0	0
1.480535613859	-2.439820914386	1.605535613859	-2.439820914386	0	0	0	0	0	0
1.605535613859	-2.439820914386	1.730535613859	-2.439820914386	0	0	0	0	0	0
1.730535613859	-2.439820914386	1.855535613859	-2.439820914386	0	0	0	0	0	0
1.855535613859	-2.439820914386	1.980535613859	-2.439820914386	0	0	0	0	0	0
1.980535613859	-2.439820914386	2.105535613859	-2.439820914386	0	0	0	0	0	0
2.105535613859	-2.439820914386	2.230535613859	-2.439820914386	0	0	0	0	0	0
2.230535613859	-2.439820914386	2.355535613859	-2.439820914386	0	0	0	0	0	0
2.355535613859	-2.439820914386	2.480535613859	-2.439820914386	0	0	0	0	0	0
2.480535613859	-2.439820914386	2.605535613859	-2.439820914386	0	0	0	0	0	0
2.605535613859	-2.439820914386	2.730535613859	-2.439820914386	0	0	0	0	0	0
2.730535613859	-2.439820914386	2.855535613859	-2.439820914386	0	0	0	0	0	0
2.855535613859	-2.439820914386	2.980535613859	-2.439820914386	0	0	0	0	0	0
2.980535613859	-2.439820914386	3.105535613859	-2.439820914386	0	0	0	0	0	0
3.105535613859	-2.439820914386	3.230535613859	-2.439820914386	0	0	0	0	0	0
3.230535613859	-2.439820914386	3.355535613859	-2.439820914386	0	0	0	0	0	0
3.355535613859	-2.439820914386	3.480535613859	-2.439820914386	0	0	0	0	0	0
3.480535613859	-2.439820914386	3.605535613859	-2.439820914386	0	0	0	0	0	0
3.605535613859	-2.439820914386	3.730535613859	-2.439820914386	0	0	0	0	0	0
3.730535613859	-2.439820914386	3.855535613859	-2.439820914386	0	0	0	0	0	0
3.855535613859	-2.439820914386	3.980535613859	-2.439820914386	0	0	0	0	0	0
3.980535613859	-2.439820914386	4.105535613859	-2.439820914386	0	0	0	0	0	0
4.105535613859	-2.439820914386	4.230535613859	-2.439820914386	0	0	0	0	0	0
4.230535613859	-2.439820914386	4.355535613859	-2.439820914386	0	0	0	0	0	0
4.355535613859	-2.439820914386	4.480535613859	-2.439820914386	0	0	0	0	0	0
4.480535613859	-2.439820914386	4.605535613859	-2.439820914386	0	0	0	0	0	0
4.605535613859	-2.439820914386	4.730535613859	-2.439820914386	0	0	0	0	0	0
4.730535613859	-2.439820914386	4.855535613859	-2.439820914386	0	0	0	0	0	0
4.855535613859	-2.439820914386	4.980535613859	-2.439820914386	0	0	0	0	0	0
4.980535613859	-2.439820914386	5.105535613859	-2.439820914386	0	0	0	0	0	0
5.105535613859	-2.439820914386	5.230535613859	-2.439820914386	0	0	0	0	0	0
5.230535613859	-2.439820914386	5.355535613859	-2.439820914386	0	0	0	0	0	0
5.355535613859	-2.439820914386	5.480535613859	-2.439820914386	0	0	0	0	0	0
5.480535613859	-2.439820914386	5.605535613859	-2.439820914386	0	0	0	0	0	0
5.605535613859	-2.439820914386	5.730535613859	-2.439820914386	0	0	0	0	0	0
5.730535613859	-2.439820914386	5.855535613859	-2.439820914386	0	0	0	0	0	0
5.855535613859	-2.439820914386	5.980535613859	-2.439820914386	0	0	0	0	0	0
5.980535613859	-2.439820914386	6.105535613859	-2.439820914386	0	0	0	0	0	0
6.105535613859	-2.439820914386	6.230535613859	-2.439820914386	0	0	0	0	0	0
6.230535613859	-2.439820914386	6.355535613859	-2.439820914386	0	0	0	0	0	0
6.355535613859	-2.439820914386	6.480535613859	-2.439820914386	0	0	0	0	0	0
6.480535613859	-2.439820914386	6.605535613859	-2.439820914386	0	0	0	0	0	0
6.605535613859	-2.439820914386	6.730535613859	-2.439820914386	0	0	0	0	0	0
6.730535613859	-2.439820914386	6.855535613859	-2.439820914386	0	0	0	0	0	0
6.855535613859	-2.439820914386	6.980535613859	-2.439820914386	0	0	0	0	0	0
6.980535613859	-2.439820914386	7.105535613859	-2.439820914386	0	0	0	0	0	0
7.105535613859	-2.439820914386	7.230535613859	-2.439820914386	0	0	0	0	0	0
7.230535613859	-2.439820914386	7.355535613859	-2.439820914386	0	0	0	0	0	0
7.355535613859	-2.439820914386	7.480535613859	-2.439820914386	0	0	0	0	0	0
7.480535613859	-2.439820914386	7.605535613859	-2.439820914386	0	0	0	0	0	0
7.605535613859	-2.439820914386	7.730535613859	-2.439820914386	0	0	0	0	0	0
7.730535613859	-2.439820914386	7.855535613859	-2.439820914386	0	0	0	0	0	0
7.855535613859	-2.439820914386	7.980535613859	-2.439820914386	0	0	0	0	0	0
7.980535613859	-2.439820914386	8.105535613859	-2.439820914386	0	0	0	0	0	0
8.105535613859	-2.439820914386	8.230535613859	-2.439820914386	0	0	0	0	0	0
8.230535613859	-2.439820914386	8.355535613859	-2.439820914386	0	0	0	0	0	0
8.355535613859	-2.439820914386	8.480535613859	-2.439820914386	0	0	0	0	0	0
8.480535613859	-2.439820914386	8.605535613859	-2.439820914386	0	0	0	0	0	0
8.605535613859	-2.439820914386	8.730535613859	-2.439820914386	0	0	0	0	0	0
8.730535613859	-2.439820914386	8.855535613859	-2.439820914386	0	0	0	0	0	0
8.855535613859	-2.439820914386	8.980535613859	-2.439820914386	0	0	0	0	0	0
8.980535613859	-2.439820914386	9.105535613859	-2.439820914386	0	0	0	0	0	0
9.105535613859	-2.439820914386	9.230535613859	-2.439820914386	0	0	0	0	0	0
9.230535613859	-2.439820914386	9.355535613859	-2.439820914386	0	0	0	0	0	0
9.355535613859	-2.439820914386	9.480535613859	-2.439820914386	0	0	0	0	0	0
9.480535613859	-2.439820914386	9.605535613859	-2.439820914386	0	0	0	0	0	0
9.605535613859	-2.439820914386	9.730535613859	-2.439820914386	0	0	0	0	0	0
9.730535613859	-2.439820914386	9.855535613859	-2.439820914386	0	0	0	0	0	0
9.855535613859	-2.439820914386	9.980535613859	-2.439820914386	0	0	0	0	0	0
9.980535613859	-2.439820914386	10.105535613859	-2.439820914386	0	0	0	0	0	0
10.105535613859	-2.439820914386	10.230535613859	-2.439820914386	0	0	0	0	0	0
10.230535613859	-2.439820914386	10.355535613859	-2.439820914386	0	0	0	0	0	0
10.355535613859	-2.439820914386	10.480535613859	-2.439820914386	0	0	0	0	0	0
10.480535613859	-2.439820914386	10.605535613859	-2.439820914386	0	0	0	0	0	0
10.605535613859	-2.439820914386	10.730535613859	-2.439820914386	0	0	0	0	0	0
10.730535613859	-2.439820914386	10.855535613859	-2.439820914386	0	0	0	0	0	0
10.855535613859	-2.439820914386	10.980535613859	-2.439820914386	0	0	0	0	0	0
10.980535613859	-2.439820914386	11.105535613859	-2.439820914386	0	0	0	0	0	0
11.105535613859	-2.439820914386	11.230535613859	-2.439820914386	0	0	0	0	0	0
11.230535613859	-2.439820914386	11.355535613859	-2.439820914386	0	0	0	0	0	0
11.355535613859	-2.439820914386	11.480535613859	-2.439820914386	0	0	0	0	0	0
11.480535613859	-2.439820914386	11.605535613859	-2.439820914386	0	0	0	0	0	0
11.605535613859	-2.439820914386	11.730535613859	-2.439820914386	0	0	0	0	0	0
11.730535613859	-2.439820914386	11.855535613859	-2.439820914386	0	0	0	0	0	0
11.855535613859	-2.439820914386	11.980535613859	-2.439820914386	0	0	0	0	0	0
11.980535613859	-2.439820914386	12.105535613859	-2.439820914386	0	0	0	0	0	0
12.105535613859	-2.439820914386	12.230535613859	-2.439820914386	0	0	0	0	0	0
12.230535613859	-2.439820914386	12.355535613859	-2.439820914386	0	0	0	0	0	0
12.355535613859	-2.439820914386	12.480535613859	-2.439820914386	0	0	0	0	0	0
12.480535613859	-2.439820914386	12.605535613859	-2.439820914386	0	0	0	0	0	0
12.605535613859	-2.439820914386	12.730535613859	-2.439820914386	0	0	0	0	0	0
12.730535613859	-2.439820914386	12.855535613859	-2.439820914386	0	0	0	0	0	0
12.855535613859	-2.439820914386	12.980535613859	-2.439820914386	0	0	0	0	0	0
12.980535613859	-2.439820914386	13.105535613859	-2.439820914386	0	0	0	0	0	0
13.105535613859	-2.439820914386	13.230535613859	-2.439820914386	0	0	0	0	0	0
13.230535613859	-2.439820914386	13.355535613859	-2.439820914386	0	0	0	0	0	0
13.355535613859	-2.439820914386	13.480535613859	-2.439820914386	0	0	0	0	0	0
13.480535613859	-2.439820914386	13.605535613859	-2.439820914386	0	0	0	0	0	0
13.605535613859	-2.439820914386	13.730535613859	-2.439820914386	0	0	0	0	0	0
13.730535613859	-2.439820914386	13.855535613859	-2.439820914386	0	0	0	0	0	0
13.855535613859	-2.439820914386	13.980535613859	-2.439820914386	0	0	0	0	0	0
13.980535613859	-2.439820914386	14.105535613859	-2.439820914386	0	0	0	0	0	0
14.105535613859	-2.439820914386	14.230535613859	-2.439820914386	0	0	0	0	0	0
14.230535613859	-2.439820914386	14.355535613859	-2.439820914386	0	0	0	0	0	0
